9842500	5912,11176,4949,2683,22889,11052,3702,28453,1237,27508,9486,11605,5848,24541,20411,19048,13592,7380,10908,16754,25086,28065,11080,4499,16550,7868,8296,21110,6828,6148,14415,4125,2367
11535250	13390,20585,13070,7567,2257,14266
4880250	21110,1237,19217,20800,24471,5845,20154,25372,20846,17767
11894500	24088,15138,14020,7856
5846250	19993
9179500	11196,28391,22400,11849,19680,11652,13460,5712,5883,7762,12220,27637
3363000	29084,10014,4709,14360,17647,23251,9848,2217,10680,155,24471,29099,18868,26789,15315,17835
2331750	24886,13390,21092,20386,21975,20826,6203,4172,28653,19539,10840,8625,8269,3228,12271,25372,27906,8628,8689,7179,24869,23984,1752,27179
7361250	9563,14266,25651
9344000	21110,17024
5654000	7812,4691,4571,528,14020,14227,5896,7868,12666
11947000	28967,28504,14020,647,15315,20411,2826,24417,10480,15233,11776,25651
5027500	20184,24015
2808500	24196,11857,27637,25372,12394
12154500	11176,4949,5015,7354,12933,7105,15302,12475,15672,22280,12159,1591,12220,19993,27888,12358,26394,28065,15631,20297,12352,25488,7868,17640,19574,14266,3185,8628,21217,27407,24929,15018,1507
5292000	23779,11670,21672,16463
7703750	4571,22393,143,3313,11176,679,8719,527,7868,17647,18730,28410,25839,22400,26722,26378,24196,25169,12717,18868,7542,13070,18075,22908,6431,26665
5034000	1771,679,28347,4411,10329,10570,17214,18290,9242,7070,23662,11670,5712,12220,28465,9612,10584,1481,28059,5470,10970,1731,14261,27117,22547,11080,16550,10840,23223,5185,11793,18730,21962,11176,10232,3228,21336,7692,24471,15584,3626,13430,17020,2669,23157,27396,13240,7868,11018,17945,10176,7173
2148250	21110,14294,12606,6868,22894
1247000	21840,2771,7868,2669,25635
691500	25733,27912,10872,14942,15302,4078,26288,24898,23656,15315,20661,13737,27092,11679,15934,15390,19702,14554,26523,10840,2826,23103,24015,8689,28087,23482,1507,23622,14625,7230,24984,5557,9563,28641,20154,26894,20979,23013,21672,29203,21078,17438,29445,7963,28855,14498,9842,12285,239,7560,11018,21110,10176,9340,7297,11849,8724,22317,22077,19891,26789,19974,6219
8701250	18515,23896,4571,1884,24541,19973,10329
7483500	28945,25424,1546,18024,3740,11857,17244,10928,26585,17214,18196,8965,24196,9486,29446
2557000	23793,27508,4571,13020,24541,360
2768250	9549,23421,5529,6447
5735000	5470,22246,17483,15138,11670,19632,12606,12168
1528500	26546,4750,679,12068,23013,10570,2198,10329,28410,7692,3627,12586,21092,11687,28370,12162,7248,22113,23774,3032,11849,24929,18466,18868,14073,18075,6158
8573000	21110,24929,28049,3627,14020,22547,7868,6158
2852250	23549,11682,14261,27508,2251,21706,7611,27927,15534,22099
9352750	17133,24196,28759,2683,18075
7367000	10908,20386,143,20297,18025,8719,4683,647,9111,21336,28411,17945,16540,21110,15584,3627,26699,8316,13070,13607,11679
847750	13390,12728,5640,18024,11080,10232,8327,27406,2655,21110,18946,23656,21684,28169,21838,19891,28149,1752,18990,21659,15534
6458250	7692,22280,27205,21581,4571,21796,23475,8628,28885
10047250	18167,3555,21372,22556,5598,18002
7320250	934
650750	9242
5911250	21632,9620,12352,7868,22489
8757750	23928,26288,20386,11687,6968,1481,24601,11329
19500	18353,14261,5254,20551,7868,10329,16463
266500	9657
2676250	5267
832250	28859,13020,27791,29330,26670,1831,2257,12285
4844000	13592,27155,14261,28370,15138,11176,4949,3534,7354,5598,23284,21950,527,7868,25372,4078,17214,21110,26378,11734,28391,14119,1831,12977
9513250	1155,414,25676,4949,17331,17959,28410,17214,20668,23662,29099,10916,12283,29095,27927,18835,12287,20846,26394,28370,4709,23698,8719,647,7868,11018,21844,2945,17945,26722,24929,24869,20800,2971,6148,23628,3390,1630,18868,7990,8676,10404,2367,26434
252500	18741,12541,4960,18544,23656,6199,26608,13778,23861,6352,25618,10329
10976250	24196,15138,12489,13672,22889,17647,26619
6603750	217,12352
4256500	15672,5267,24898,29473,28135,4694,13888,7868,12588
3215500	4691,13878,8327
1114000	4731,14818,2826
3781500	7096,15315,21672,16818,241
9055750	21110,9802,18024,2655
9628250	23779,29473,18024,7323
776750	22179,8278,7208,22749,12717,26699,16939,21657,2963
10799000	13240,14533
6977000	5334
5440500	17945,25272,18730,2669
4304250	7692,14261,24929,24869,8528,15019,4949,18868,679,7868,26665
3031750	679,13830,10329,16406,28924,13020,20207,18990,15534,14261,18388,16420,14794,16550,6290,18730,23774,8689,23214,23628,1630,18131,13460,23475,11781,24942,6158,14020,4949,11176,20979,7105,27198,28985,25272,29202,7692,11196,3627,29099,23861,215,20846,9802,4571,6908,3740,21919,7567,23143,11849,12977,16110
4195500	22246,9802,18097,14159,8316,19539,27257,8628
9437500	14694,12728,13020,2683,15718,12168
6523250	16540,24196,27446,14020,17823,15315,17835,17926,18290,28411
2752000	11000,11652,18024,2042,7105,11280,10329,28410,27906,21865,8278,22043,3627,27659,12586,25618,24669,11679,7622,22179,19405,14261,3313,25366,22547,11022,527,7868,5667,5043,29473,26722,3032,12243,18868,26728,14074,12977,21657,7173,2367
6380000	29389,20327,1831
11579750	11196,15217,8410,14020,679,12688,7762,11330
11552750	20180,6364,12728,22393,6908,4949,14942,21110,4281,12914,24898,3032,24869,23448,5845,13701,4582,12220,20630,21659,5094,2669
1517000	4808,6571,22094,20297,16302,1739,14165,16540,21865,7070,29473,7208,27205,15086,22077,26699,13430,16376,12977,7613,6158
887750	11652,5254,15019,4949,26665,26754
4895250	10014,11687,1037,18024,24274,7868,27906,1335,29099,23563,24541,23475,14533,21657
8070000	11849,11687,29099,18024,11080,25488,24922,8511,10329,29197
1381000	4846,29099,14020,1831,20846
11300000	7552,2963,11679
7322250	10240,21400,9486,11176,4949,23861,15514,2891,12287,2367,19475,11679
2033500	2610,11176,4949,18025,1773,16540,28270,4691,22280,3627,29099,12220,18990,27514,25618,11465,11679,14796,712,14261,4571,26127,16550,21840,5043,8689,255,24869,18075,12977,26665,16110
5187750	5845,2251,14818,6431
4902250	7070,6621,25086,2764,6724,14794,12162,27791,4172,23284
11564250	21110,10176,14261,22484,15584,24922,1831,28347,2826,6352
5754500	12358,14020,27625,15423,4014,14784,3228,4078,20803,834,28752,11196,24969,23214,15019,20751,10282,6880,25618,15638,12285
8170750	1966
1579250	7552,27396,25424,15138,14969,10872,28481,25372,5429,27406,4078,20803,16540,21078,17438,7963,9906,13020,19891,20896
7976750	6738,13853,17438,5254,12352
6497000	7927,9487,647,20902
11632250	25022,15159,2655
5155750	14661,24242,22393,27117,20297,14482,5529,4411,3228,28410,16540,15831,18805,28504,14533
5898500	13390,23433,29146,3774,17024,7105,10329,21110,19862,8278,26722,11849,25420,28465,16653
5199750	25917,9936,679,5848,15315,2438
6867750	7552,14020,27092,2655,24788
7898750	27946,27625,2683,24459,26894,7868,19951,5574,4281,6621,24196,21838,24503,2999
2251750	11670,22547,6597,24601,22727
11782250	17748
2078000	7622,15672,22400,14261,16944,11060,26608,24274,25488,679,2227,7868,12977,18730,24601
7269750	13354,24590,16939,20902,19475
11923000	11670,14580
4063000	6148,28065,29265,7737,27927,19974,1788,16463
200250	7552,10893,14261,7208,3313,12352,27791,1831,25570,12754
8622000	15935,19829,14976
9463750	25733,20386,6571,7230,26883,7354,7105,6104,11196,15672,27791,9301,7611,19105,1788,11679,14261,15935,26127,15138,12431,8637,5324,11201,19814,27961,26434
3096750	29203,15315,20846,4078
10546500	28508
5220750	15534,28438
1499750	23662,1831,20127
3581250	16540,10240,504,5086,8530,12790,26332,21071,12512,15383,16463,28411
5467250	25917,22482,6287,12220,25372
7893250	21110,28992,9209,13554,11080,18075,10694,10928,8327,21672,28410,2945,24341
6014750	18771,28653
2704750	13592,23656
4631250	25989,16540,14625,21078,17438,29099,4294,7868,20896,5184
6904000	5267,5557,7856,9111,12606
2076000	26722,25676,18024,7354,29095,647,7868,9829,14097
563500	23735,22484,6672,28653,28347,10778,28410,17926,23928,9936,5330,26728,29095,20661,2963,25618
1025250	13247,6740,1010,11330,18990
5082750	20180,6740,5912,11080,21919,647,16361,7868,17214,23143,24193,24503,21796,8676,25329
11220500	23549,11431,21372,1739,28411,12285
2253250	9620,25676,679,7354,10329,21067,25272,26288,1000,9363,21315,23662,1591,20411,29084,6299,22393,5667,23878,18730,19772,26722,18805,6880,14533,7173,4125
11121500	13049,27390,10893,20297,8530
4809000	28641,22211,28669
10653250	23793,22094,18024,17823,20979,27257,29202,27443,18572,16406,29445,15584,6242,18843,29099,26829,9472,20896,1788,12285,20180,18544,22749,4709,23698,8637,21919,2891,14360,15269,2655,18013,18805,17706,14119,6219
3317500	22547,679,11280,7105,1501,21844,10329,7692,3627,14074,14533,27514,11543
7116750	24869,5797,9486,13240,14119,14922
11340250	10176,26973,23340
10756500	11969,9563,934,14942
3742000	23656,29099,83,13020,4731,29330,12674,6290,2655,20846,4078
3288250	6395,25488
1815750	11969,28391,28065,25488,22359,29213
1561250	17400,15138,12352,13891,14603,21511,3804,2257,28410,10329,911,22973,17945,11196,18805,3627,251,23628,17706,23475,18075,8495,1481
4184250	5081,28710,14020,24392,4949,619,24922,26716,16540,21865,15672,11196,3627,12220,15315,19381,25329,11687,23698,25488,11080,16550,8719,17641,647,28694,9936,15019,21657,14182,26665,10404,241
1047000	21110
4852000	21110,7070,26722,3719,3740,679,12220,647,6104,7248,25820,2367
6768000	7827,18491,16818
5465250	15138
11032250	28370,3627,2963,28411
2975500	14902,16406,882,11060,4510,5086,22393,23662,12352,4762,16939,12175
5108000	6672,25260,14020,14580,12068,3702,3627,1966,5863,22393,3313,12352,22547,20297,11080,17647,6352,9340,26378,24929,22317,23628,251,4254,18868,57,14533,2963
1620500	23735,15138,28774,1195,5833
5812000	16944,2683,17641
3148500	22126,25793,7620,10702,20386,12795,6908,13265,28687,29224,15478,21815,21950,8327,8511,4078,8689,23928,1237,16217,29473,4762,7059,11543,11465
5238000	9620,25676,13450,22359,12068,13888,25372,18730,27906,23251,21833,16406,5845,29099,251,12747,23475,14533,12977,5310
3954500	23549,20800,15584,12162,7856,14360,25510,11378
4533750	25022,13592,15434,398,23984,26699,10694
6571000	14261,11687,22393,7827,4499,28687,21815,1773,21865,1390,18879,27659,17084,4254,29331,15734,12220,13430,14894,12737,10646,20626
3226500	18741,7552,29473,13701,22240,7868,13888,5185,25372,2655,12394,8689,6548
2626250	7868
10064500	22583,12489,2683,24459,8269,5429,12394,8027,29099,7572,12220,6820,15638,28059
745750	17945,16540,4691,24869,23214,29099,3627,20551,7856,26699,21071,19615,11679
3293750	21110,19702,3627,14794,20297,20154,21950,26523,27257
8060000	16722,10702,12728,3850,14554,18024,8637,18523,2826,14942,7567,19882,21110,29203,5067,4281,21565,1415,4731,21758,21659
10057000	25420
1074750	11176,4949,679,11080,3699,28621,22556,16550,7868,7105,2257,28754,28391,12220,14533,1831,12977,27092,25117,20846,11679
8243500	4931,17945,9195,15065,4281,155,24869,4949,26699,17060
10628500	21092,15138,1546,28641,14294,12994,11857,21950,26619,13784,6868,10329,4078,12394,16540,17945,21110,12159,11263,20751,14119,1966,18075,12013,15638
3114000	25260,16668,17959,5429,10329,18697,23928,155,398,5848,24966,20536,11329,20484,21092,28370,13776,25830,16609,7868,20184,2655,22523,8689,21110,6828,18805
8523250	25090,13592,15934,18544,7827,20297,4949,12329,19643,18730,21336,4491,3627,251,5712,14074,16110
5745000	26737,26722,20800,28710,4571,23662,21838,9486,11080,9829,18730,2669
8111500	14261,25676,25488,11080,28687,12790,527,19574,23878,26619,2257,11018,26716,18013,6148,19466,454
11225500	15159,20388,20297,25372,2655,15534,4078
6412750	3719,22094,7208,22484,23214,251,15019,14580,12666,25820,22727
4850000	3458,5081,10240,614,13020,25420,12512,25820
2823250	2610
10309250	25090,5053,14261,10702,6498,2160,18996,679,4411,14942,18730,9340,11734,29099,15192,12586,3590,7173,24669
7034000	239,27153,3850,20154,7975,3324,8628,4078,20803,29203,10176,27205,8724,20253,20630,13737,11543,11776,15534
3913250	19405,10014,3626,5845,13240,16550,12220,8689,20694
1971500	11000,7654,7230,7469,24392,4949,11280,10329,10999,8414,7692,22043,15799,29099,1966,24070,10193,29084,10014,21919,21840,9340,4960,10176,21715,29473,14415,8316,20630
1629250	18024,143,18025,679,29465,20979,21392,10879,10268,19862,23656,29099,9301,4582,21758,24601,20536,9120,11679,11687,14554,14266,21110,6828,19891,20747
10018000	11196,4750,16406,18805,13779,11176,11080,7868,5429
11747250	18515,25596,9563,679,28653,4411,27257,24281,28411,4078,155,29099,12285,14261,4571,6908,7560,7868,23223,18730,8689,21110,4960,13093,23896,251,15019,20751,27487
10401500	17945,9340,13258,24929,23448,15018,7827,3313,27791,12189,24966,6868,28410,24669,6158
6957500	22126,25733,15935,22029,15661,6980,16670,28653,12606,12754,10893,905,23861,1831,18180,2513
1365000	14796,1884,679,10694
5052000	24869,7868,3047
6150750	28184,10014,4510,3555,24780,4172,647,2655,15159,15831,15584,17429,4220,11330,2963
7016500	26546,6246,25917,22749,1366,13737,12606,23403,27407
6780500	10893,14261,15584,15086,25676,2227,5598,19394,3047,20846,12754,28985
3257000	15934,13734,27791,25570,15534
65500	14930,26737,20484,29465,21840,11280,21672,23928,24764,29202,21078,13853,1415,18843,29099,15018,4254,12055,28855,28124,18990,21758,10584,12285
3675000	7297,13779,25488,11635,15024
8529750	911,9702,22179,15405,15138,14580,16609,24417,14956,23251,22204
4317250	21110,15159,7552,19974,569,16463
3625250	19837,21372
3684750	24898,1831,20846
11494250	21865,11196,5469,6740,143,12352,8676,16854
4503500	11936
3573750	5081,6621,24196,11670,19394,1481,12394,26871
6250250	16564
11939000	23260,29084,15934,21975,20297,14294,11080,10726,12068,15478,7105,3228,17647,2257,21672,21067,8278,11969,18575,11849,22317,23409,6148,23202,16624,1966
9288000	26722,5254,13460,2683,24922,6352,10329
3168000	19742
9972250	21110,15138,7963,3740,1831,2655,24601,15534
5539250	14796,2270,13779,9563,14580,7868,5009,8689,155,7096,24258,22342,12220,18075,18628,11329
3592750	155,3627,18730,12285
8822250	18013,21110,1222,17483,18024,8495
11022500	23928,26288,7179,21092,15019,13450,28653
10927500	27191,14580
9394500	19702,17641,7560,26712,16540,21110,8965,26722,29472,29099,26699,14533,20626
6301250	239,5053,19405,2000,27912,8637,13240,12329,28687,7975,14942,10329,21844,8689,23656,1293,27791,1752,574,29330,29547,11543,20536
12384250	4750,3658,29472,12352,17429,5458
10312750	4949,10872,21672,28985,4078,3627,5306,29095,15934,28370,5863,12162,12352,25488,7868,5185,25372,8689,21110,20164,15086,6154,17835,16110,2367
9212500	18937,10176,11969,9936,25596,1293,22889,26619,25372
1118250	20388,7409,11176,6805,14393,12068,20979,10329,8278,3068,13494,11330,24601,10970,29084,20300,4571,19632,14794,20297,28687,26378,29472,24929,22317,26665,10948
2182750	26722,16373,18808,2257,19643,8689
4215750	6571,6096,24392,11280,26619,15302,28411,23928,24194,24898,13853,11060,23662,21085,15315,25618,24601,20180,7260,11391,26127,12352,7868,25372,1392,5043,2655,20803,16913,9340,15831,26378,3032,29473,7096,14415,26728,14533,12977,22447
10592750	13592,27155,21092,13240,25488,10329,17945,13093,24196,251,25169,1831,19974,24341
11307500	8278,20300,11196,22393,3313,22359,27906
4782250	10193,1037,20551,3313,9658,679,10778,5429,17945,19680,29099,5712,27791,13607,26665,1481
791500	5254,8738,20297,23492,28409,10329,17945,26378,16606,24831,21050,13607,5336,14712
4037500	26614,19993,13247,14523,14575,21217,10948,27407
1699500	17087,6840,16716
3010000	5598,4220
3549000	14261,14625,21975,504,3850,2610,5285,10872,647,9111,5184,27407,25989,6621,17438,13226,19381,26754
10642000	23793,18024,27625,18996,8257,679,14580,3702,4078,10999,10151,23656,155,20896,20536,28059,5053,2000,5856,22393,4499,13450,6290,19814,8689,2353,26722,23628,14240,26728,18868,21334,11176,24459,7105,13888,3228,8327,21336,3627,20411,1966,11465,2669,2513,25090,16754,21092,18544,3850,8637,25488,7323,24616,7567,2655,8628,21110,29473,15831,251,28149,23831,7576,6219,16110
6921750	21092,11823,19197,21975,504,7856,26332,2367
10818500	23793,14261,9620,1577,7354,19539,19394,21110,19421,5334,9131,29099,13460,23202,13430
6897000	18544,15138,20551,7827,14020,7626,16463,28411,24177,9848,11196,15831,27659,28124,21657
10598500	18575,155,9563,24274,679,16550,12220,16564,23284,7105,14165,27906
10566000	3854,21110,24306,13554,27791,11487,7868,23284,18075,11204,4078
4423500	10893,10225,11543
3350250	21334,13390,504,12489,3740,19615,12512,1672,21865,3384,24344,18736,25420,9985,3409
3952000	6571,2128,5833,26894,7105,10329,28411,25669,28391,11196,29099,3627,26699,12220,1831,20411,22179,25917,21092,28370,28369,12352,25488,16550,25372,21844,4648,21110,26722,22317,14182
10492250	25596,6672,143,18024,949,16939,29265,2999,21140,13592,15934,11687,19702,28065,22547,4499,11080,20190,9657,24015,19574,11793,2945,18730,8689,11790,20045,28752,26722,2971,6148,12747,22027,6740,201,4949,11176,7354,7105,8327,12606,17393,5077,21336,4691,24471,25933,29331,13070,11465,5403,25488,7868,24616,3384,11849,18805,251,9471,7173
746000	21110,21865,4691,6571,17771,24869,155,5086,15661,7105,26619
9706000	22094,143,14227,1771,679,949,12068,19539,14821,554,12666,1773,2198,10329,21865,9363,15192,12220,9612,5470,20180,20484,4039,20297,11080,2826,12168,23340,23103,14265,17181,4648,26722,21838,9030,530,14119,21050,6431,23260,6740,25260,4949,29465,11487,28653,20979,19431,13888,8327,5157,21672,25669,29203,7692,5067,11060,29099,25933,14780,25386,29330,21693,5310,10646,26464,25022,6364,849,3850,28945,7737,25366,21372,25488,1950,11022,17945,21110,7297,13765,7179,22077,14073,12977
8017000	15096,23284,10268
2870250	24277,5856,14020,17606,5848,19431,23284,9842,8327,3702,11018
7103000	14625,2610,749,14020,11176,15423,13891,679,10872,14580,28653,11052,12394,8816,9549,21869,23662,12586,13737,11465,4039,8719,14603,7868,17181,8628,16818,5574,18741,11767,26722,15019,6820,29547
10816000	20747
8215250	14261
8314250	22547,4949,7856,11857,27618,6352,15414,16540,18575,11196,23662,25933,4626,25212,21657,12285
7345250	21565,23656,11201,26894,2513
9202750	21110,23134
5170500	13592,29473,6096,1084,13240,4949,10232,13430,7868,27092,18730,11679
9163000	7070,19217,6571,1546,11080,679,23475,5667,21672,16463
8430000	13240,8637,11080,7354,13070,7868
9173750	4949,11176,7105,11280,21672,3047,16540,23779,29203,11196,16406,9486,13020,4571,21919,647,7560,7868,2826,13784,18730,2655,19814,15159,14119,4731,16110
4378500	4571
1904750	26546,22484,8530,27314,9138,2945,4648,23928,7071,21110,14065,14120,12220
3089500	16754,1917,14020,15089,4078
9438000	14319,16463
5287000	18196
6807250	9620,7827,17606,14580,8327,26619,27906,10329,4078,10999,11196,22280,3627,13020,5712,934,10646,24788,9120,5053,14261,22393,22547,7868,6290,25372,19574,21110,17945,7297,4960,29473,528,17706,20751,19973,26665
10521000	15672,15935,15359,9486,13779,11080,18612,4014,7868
981000	23793,13749,12512,10329,5009,12394,21146,155,12220,13607,14261,11687,22393,6947,22547,647,8296,8689,26722,25169,5876,11776,14020,26608,25676,7827,11176,4949,5429,28410,3047,14153,11196,28391,28270,22280,24196,24471,29099,19466,26754,12285,10193,21092,15138,6908,7868,25839,3590,12674,18075
9199500	14661,20803,24969,29099,23134,7868,16818
1792000	2610,5285,11176,20154,10872,20979,20585,16463,23928,16540,29203,24194,17438,23656,24471,29099,574,9301,13390,504,21975,4238,8637,17024,14969,23214,16500,20630
5901250	13247,18937,10014,14575,22482,21372,1010,10627,12606,11330,8763
12371000	1222,28641,14294,22359,19539,2254,3627,13020,25570,19381,25820,14261,25086,28370,14794,12352,3740,2227,8628,10176,28992,23896,15018,22077,18868,2963,12737,11776,17767
299750	12358,11652,25676,15423,17606,4949,13240,11080,26619,3047,20803,21110,6880,12220,934,24601
799000	23793,6951,11687,3555,7762,20555,6597,24553,24015,10329,25839,4389,29099,18465,14922,21796,3590,15345,24601,2669
11558000	3032,9413,15405,20388,20154,26332,15784,25372,20846,11679,4078
10264750	7552
854250	18741,21975,24196,21838,143,11857,6968,24601
154500	6672,11176,4949,13265,2683,13830,10329,3047,7208,155,3627,12220,13070,2999,25820,11679,28059,28370,26576,25424,5863,12489,3740,11080,22556,29224,16550,12168,2655,8689,18741,21110,3719,3181,251,23628,14533,14894
9685000	17032,9072,13226,3252,11605,26728,934,13607,3185
1812000	11196,13749,29077,7868,7105
11701500	14625,6199,14020,18996,22889,13888,29197,7071,29203,4281,27505,13737,13607,2513,12285,11679,2669,26308,16481,15631,17641,14266,20831,20803,23482,20253,17760,6152,3590,19829,4366
9039750	26005,9230,6199,14020,22887,9563,20154,14580,7105,3228,2257,24978,22489,16463,18290,16540,11196,16406,15584,3627,1293,2513,5863,4709,14360,19814,14533
267250	9802,11196,16406,11687,679,4172,7105,2367
4712250	18388,22889,20902,2963
7545250	17237,17400,15390,25260,18024,20154,24869,4691,29099,13607,17835,9846,2669
5254500	6096,15478,18523,11280,21672,28985,28453,22400,28391,21565,12717,5712,14498,17020,25618,24601,13592,20300,24306,12431,3313,22547,25488,7868,23284,24929,18805,2971,528,13460,6546,12674,3590,12977,17835,5094
10443000	1222,24274,14580,21071,11280,10570,10329,5077,3047,28985,25272,16944,9192,155,24969,29099,11670,19466,12717,28855,27155,19702,5254,8719,14482,7868,5043,18730,8689,21110,10176,1080,23628,11431,13460,23202,12674,3590,26665
2132250	14159,1831,8628
11761750	7692,20388,13020,12489,13450,15315
1063000	4949,1008,14165,17959,28411,16540,22400,22280,24196,3627,13430,16653,17732,11679,5403,1731,22749,21975,25086,4571,20551,28481,23896,24929,22317,23214,15019,530,26728,16376,10404,28885
3310750	26843,10014,28370,25086,5640,14020,16550,24083,2410,8689,23774,22973,26722,29099,3627,12220,14182,8643
1838000	21372
4073250	911,17153,27396,27415,4059,647,7868,2826,15921,21672
2788750	18515,10702,7230,26608,28641,14294,4949,11176,17606,24274,679,2257,27906,10329,28410,4078,21337,23779,9848,8278,20668,22280,15315,24059,13607,11679,29084,14261,4571,8842,6947,13240,2227,7868,10480,5043,18730,21110,22317,2971,251,11431,21657,26665,15638,28885
3211250	11076,12431,6199,7105,14942,29197,4078,12541,23928,17945,24929,13430,16624,934,12977,7173,20536
1074500	20549,4510,22556
620500	13592,4039,25086,11652,1037,20551,7827,14294,21840,4683,7868,11018,10329,8689,13093,22280,24869,23628,3627,934,10646,2669
5082500	15159,5416,14020,7560,25372,2655,12285
4004500	21865,21533,28270,1222,624,22732,18281,22547,27060,1831,360
10654750	13390,7552,7856,12790,7456,28653,5803,17783,4078,3384,12212,23214,14159,4694,25420
5522250	24898,13258,19014,11080,13450,6805,679,2179,554,21672,8689
1688750	14020,1546,16550,11857,6290,7248,24417,554,2655,16463,7936,3145,12220,569,24341,2669
12061000	7552,26394,684,5086,18075,12977,16463
10696000	21110,3458,5845,11022,6290,19974,7038
140500	23779,28270,14625,15065,24196,18730
5248750	4949,2227,3228,10329,18575,155,20668,7208,23662,21838,28924,15086,15019,28149,27035,25420,13430,1966,21657
9802000	882,11652,11176,28653,13888,22973,16540,155,3627,5712,14922,25618,24601,11679,26736,22179,28370,15631,28876,20551,15811,13240,18791,7868,24015,2945,28752,21833,5883
2940000	29490,20180,11767,24519,26722,23793,11272,24486,28369,14580,12168
10845500	16653,18075
1459000	6147,25260,3590,14266,25372
6299000	25830,13891
8102000	26614,7297,7552,1461,29099,18990
10533750	14261,25676,13451,7105,22621,8689,21110,17945,29099,14533,24601,19974,14976
12239250	14261,16754,21092,7354,949,7868,26619,11793,11963,15831,21838,23475,25570,25618
10322250	18575,1731,10702,8724,5254,2227,5848,9111
3861500	11080
3404000	22246,28370,3627,28653,554,3047
8160750	22244,15308,20388,17641,2655,22489,10268,5067,11196,16406,25169,25618,3958
5110750	8414,25793,24869,251,14020,25676,11176,3740,1739,3324,13888,12977,9612
10234000	5086,2610,14020,143,7456,7762,28653,4014,6868,17060,26288,3423,4691,29099,15192,5848,11951,21995,10970,14261,25086,24306,19402,3740,21372,9111,21110,10176,21593,11849,15019,14074,7037
3288750	6665,5429,17181
8123500	7552,19102,3390,1591
7568750	21911,2217,19217,4691,4389,7706,16564,1831,8327,16463,12285
11957000	23907,647,19431,26712,24922,7868,4958,23251,21672,17060,15831,21078,18575,11849,7963,23662,3390,21995,21758,2963,11465
6155250	20300,6199,15661,5015,25193,9848,7070,3719,24929,3151,15645,7963,16500,4059,7542,4220,1966,2963,25329,18180,12588
3035250	11196,22400,7096,14020,11080,2683,993,1591,12168,3047
984500	11790,26722,11687,251,679,19539,6597,24015,18730
1181250	26546,7620,6571,20386,6672,22556,22359,26523,23284,27111,27257,5458,19394,17783,7071,21110,23928,28992,9363,7208,398,15019,7680
3396250	25090,21838,18024,4953
9394250	18829,22094,11889,10232,10928,3228,26619,17060,16540,29203,9549,11196,24471,17087,10646,569,19339,20180,9045,22749,8637,6290,25372,2655,19014,29473,23482,14894,9471
3849750	27389,9549,26699,21071
10119250	239,4452,16722,25260,22393,12352,27791,10282,7868,2257,2367,21336
9069000	14930,9620,11176,679,14580,15302,24534,11196,155,21869,24471,3627,11456,7542,12220,19937,239,5403,22126,15934,21092,4571,22393,5863,13779,647,21110,26378,26722,1080,28017,12737
3282250	5067,1461,11857,7868,21672
5693000	10014,28945,14020,20154,3534,12674,24922,28124,21899,19394,25372,2655
4370750	21911,7856,1666,20154,7456,2655,21110,29203,251,23628,4762,6431,15638
12215000	13745,6096,22365,9620,6672,18024,679,19539,14942,10329,15302,23779,9363,18167,4281,5845,11670,22,27791,25618,25570,14261,28065,22547,12352,17641,18491,19574,14265,5043,4491,26722,25169,5336,20626,28401,5640,25676,28653,21672,29099,21796,1831,11465,24601,20846,24341,25090,27888,239,9802,27155,18544,12431,8637,2160,7975,7868,2655,17945,15831,18805
2138750	21334,24196,13779,14120,1950,25687
4770500	4808,5797,2610,14020,27191,27625,20297,9848,24869,22317,9165,22077,21050,12220,17835
4376250	19993,14261,16754,25260,28368,21225,22547,11176,2826,2655,8689,27407,29203,16155,14119,4731,27637,28059
1173500	13975,5403,27791,12329,25488,4499,5598,4582,17393,24601
1319000	7070,5797,14020,599,12717,17429,26699,8693,24942,10948,10449
9436000	6571,504,15661,5285,5598,4731,9985
4475750	25596,15065,22484,11652,24392,17606,679,27670,12068,11280,10570,16540,259,4281,16944,155,18843,26699,20536,13592,14261,6543,14794,20297,13450,2227,18730,23774,8689,26722,6828,21838,15086,1752,23475,21334,25260,26608,4949,13891,13888,3228,21067,28410,25272,7812,11612,24471,12159,15584,24969,3627,21796,20411,10646,27155,13390,22179,16754,28370,20551,7856,8719,23284,25372,6352,21110,17945,8965,9340,3719,13093,251,23563,3590,6880,12977,21657
4547500	26546,16323,26608,8257,24274,7560,13784,25372,4078,3032,11734,155,21768,12285
5037000	4808,23793,15308,4949,679,7354,21672,10329,27906,9549,22400,16406,27508,27446,5896,27791,12220,24966,12285,28059,14796,15934,5254,20551,11080,13450,16550,17641,7868,2945,911,6828,26722,24929,21838,251,18868,6880,12055,7173,17835
3588500	21400,25260,4949,25488,15269,13888,7868,18730,10329,10176,5267,4691,3181,14240,29095,21796,7542
5256500	614,21838,28463,25676,7868,20846,20338
12234750	10702,25676,7354,949,21071,10329,10570,4078,29203,18097,24471,3627,11670,2729,13020,24059,215,13607,26973,18990,9612,26736,11682,22179,28370,11687,4039,28945,27117,25372,21110,10176,24869,17771,2971,251,11431,26728,26665,15638
10713250	9848,7692,23612,28945,17087,15661,24059,6290,11220,26619,2655,4078
9121750	15946,28391,21838,5015,5848,7868,5803,19974
4852500	10151,9563,21067,10329,2452
309750	28653,15365,4307
4097500	6299
190500	18013,5403
4035250	24193,22556,21372,12674,13888,21950,13070,17647,19394,27906,12285
1953250	6096,28370,18024,14020,8637,27670,20979,6783,2257,12394,26722,23656,23984,3627,23861,20661,10584,11465
380000	24242,5620,9072,28876,12329,554,1392,18628,1773
9839750	21110,2655,8689
7450000	14261,2729,12717,24274,5310
5994250	8816,3555,29077,7105,18180
6849750	23928,7552,647,6290,25372,2655,18730
11158000	239,14261,6738,9563,28876,24392,6908,8637,7868,7105,3228,8327,26422,5043,18730,15799,18805,29099,3590,21930
6334000	9413,10627
6634500	398
8051750	27390,2610,14020,26608,10872,24081,12068,16540,29203,7692,22280,24471,5712,29330,12220,13737,25029,11679,7552,15138,20297,16550,647,7868,6290,2655,21110,20803,10893,26378,22317,18075,26665
1441500	9209,3590,6326,6447,22727
382250	22393,15138,5598,7868,6352,25372,17060,8689,21110,22280,24196,18805,993,7611,19974,17835,20846,10948
9123500	14694,3658,2610,15138,2683,12220,7990,1831,12168,6447,20846
8909750	20300,11687,8805,27117,28641,13450,11857,3228,15681,10570,15159,10176,8965,3032,3151,12159,18805,24054,22342,26665,24601,12285
8096750	6331,16722,26843,25260,28641,4949,11176,679,7456,7105,28347,12271,3228,554,5429,26288,11196,11734,15584,24196,11951,215,20338,14661,15814,1731,21092,4571,22393,15138,28687,21840,7868,17647,18730,16818,8689,23896,11849,9030,22077,13460,1630,6880
6713250	13592,143,12352,14580,949,11857,617,2945,20127,11767,24344,3390,21659,2367,1758,16768
239250	27946,28065,26608,12068,7868,14266,28481,25372,2655,12647,21865,8996,3068,15086,530,13430,9842,7850,19381,16110
1767500	15831
8149250	20484,141,15138,11652,15631,4949,21372,11022,2173,7868,11280,24015,27407,10176,9848,11196,23662,7096,7963,1966,2367,26464,11679
4186500	21796,3324
371250	21110,14930,15159,25596,7620,14227,13779,12489,22889,14119,24059,6290,3804,7680
9671750	6543,11052,7868,2826,2257,2655,21110,15159,29203,26722,13020,14119,4731,19974
11612500	26006,17087,27791,5848,16550,6290,18990,25372,19974,12285
10831750	5640,8307,17024
3977750	13975,11687,15405,21869,13240,23273,21815,24601,8689
7306250	15661,4949,22359,13888,28985,16463,25272,4691,24196,2249,14446,21975,21372,14482,25372,2655,8689,21110,22313,11767,10176,26722,24869,19829,19973,6158
3326250	13450
282500	14020,13265
7218000	22179,1731,6951,10702,14020,20297,3774,22556,5529,3228,26619,25839,18730,28754,16540,22317,17087,12717,14119,12220,26754,11679
5968250	6096,12728,3983,24459,13888,7626,10329,4078,29203,11196,4281,15672,16406,12433,25570,12285
1909250	20516,24645,5285,20154,2803,28347,12666,6326,10570,17060,24461,5416,6246,7542,24059,11330,13607,15992,5131,10014,21975,4039,504,4510,23470,20297,15811,25372,2655,27406,8628,21110,3384,9340,23896,17771,27205,23214,28504,14956,6431,2963,19974,18180
5959000	21334,13592,26736,25917,23793,6571,9620,14294,13888,2826,24616,8327,25372,5429,22489,4078,21110,14153,29203,28270,2729,5848,21657,15534,24070
3895750	13247,12475,5469,12933,12606,8689
4256000	25917,10014,6199,15661,20297,21372,22556,5598,3324,17640,17647,23928,17771,24929,3627,13883,26728,7542,10949,28885,10948
3335000	5574,8719
3511000	7552,21581,2610,14020,10480,2826,6868,2655,29203,18575,19651,26378,24196,13020,14119,15315
2771250	1494,476,143,14020,7827,22359,27670,14942,23251,27508,24471,29099,7963,12717,7613,25329,29490,19702,6840,14360,16609,23284,18730,255,26722,20800,528,13460,16500,24942,2963,20694
1189000	29203,23628,1546,15019,11176,12175,11679
12377250	6740,14020,15661,27191,24392,1771,29465,17331,1501,3047,4078,21865,3151,24471,2729,27791,26699,1831,19405,22749,15138,3313,13240,1739,5667,9340,29473,24869,24929,27205,21838,20630,18075,21657,5336
11503250	10694,19005
452750	14796,24392,23475,27906,15638
1530250	14120
6900500	29473,6805,21659
8216750	22094,5285,16302,24281,1392,28410,18730,26871,21078,24471,599,16243,13737,13070,12977,21758,2963,25329,10646,12285
7003500	25090,14261,4281,11196,29099,13020,8637,13450,22342,12674,5094
39750	5403
8353250	21883,7105,13888,4078,28411,9848,17087,15315,2999,1966,25618,24788,2669,12285,13592,19702,20297,7560,8965,29473,27205,22317,23628,4059,11776,6158,17767
5011500	14930,15661,13749,16939,22489,4078,23779,3151,5848,2999,18990,27092,7059,10584,21758,11679,20180,18388,26523,2826,21847,5043,911,3658,57,2963,25651,1155,7354,7105,16331,23013,16463,29203,11196,22280,29445,5652,4220,1831,10646,20846,12285,21911,20551,25372,6352,2655,8628,27407,21110,10176,1446,6219
11078500	28391,18805,22393,18024,13450,19539,2655
11362000	10176,21838,5330,25488,7868,2963
6258500	26737,25989,6740,953,15018,12068,11280,9471,4125,15302,9846
711500	26722,11052
2756000	21092,15019,26114,4411,527,3409,12285
6572500	5797,29099,7963,6868
11434750	7071,21823,26969,10840,7567,9985
6067750	29099
1911500	20386,4949,21815,7105,3228,27906,11196,16406,23656,3627,27791,7059,9120,22179,14261,11687,4571,28065,5254,6908,8637,22547,9657,24616,24015,19814,18730,23774,23896,28169,13701,7173,5336,16110
9782500	5053,1731,14261,25676,4949,11176,27314,24922,7868,6352,17945,28391,4281,20800,24471,23662,251,12717,7542
2920750	6672,679,14580,22359,15478,19539,4683,12068,11280,14942,21067,21672,8278,22400,13494,215,11679,27155,14261,19632,21919,7868,527,11793,21110,29472,14119,12977,23538
83250	1731,1461,7150,2963,6174,28885,25753
12173500	28370,15405,3627,14120,554,14266
1194750	28401,9563,14020,7827,679,16944,3627,29099,5306,13430,11465,24669,7400,14261,6543,20551,25488,14969,11022,7868,25839,8689,29473,25169,4059,12977,7173,12737
6872750	16722,17960,21838,14020,18024,20393,14482,7868
8745250	28992,6724,679,5848,8689
9103250	9563,29265,16550,12220,1831,19394
7494250	2199
10944750	24193,28752,155,25933,11080,13450,17920,8719,14580,25687,18730,18697
10297000	9340,25058
7687500	21883,28463,2610,10872,22359,10570,27906,12394,13853,23662,5369,20180,5470,22393,22547,14969,8296,19574,5184,18730,16818,12182,3787,17767,6737,16453,4949,619,13888,2929,3068,29099,3627,7963,14159,1591,14498,12285,28370,15138,20551,14603,7868,8628,21110,20803,15831,5267,24869,28625
6126750	21110,15159,29473,22749,12159,25169,15019,25117,2655,2669
5608250	15159,14227,14119,4731,11857,13070,6352,25372
8271000	11280,7356
6571750	16540,10176,5661,155,3135,4571,15086,17706,993,14580,7868
10095000	25917,14261,28752,3740,12737
11137750	22027,22393,7827,14227,8637,13450,11080,2227,18523,12068,6104,27906,10329,12914,24869,19891,934,12977,21659,24669,22447
5407750	23735,29084,9620,25424,25676,4683,12666,6352,28410,19014,18575,155,24929,23662,28504,251,29099,16373,23563,26699,934,21657,25570,12737,17835,12285
10840750	9242,12914,6672,23662,18024,13672,23202,27791,9472,2999,12285
3216500	21501,14261,11687,4571,11652,25676,3228,25193,27198,21865,28992,20630,2963,15365
11794250	29203,13390,3068,25424,29099,28653,10840,3047,12394,11679
5751500	9802,6199,25488,21840,3228,2353,19680,9131,15086,12586,15315,12977,5336,11679
8324500	9848,21565,15138,15661,20297,527,24922,3228,26619,13067,4078
317500	5799,18805,22029,23214,9620,13971,18736,6980,7354,12068,7868,24015
393250	18388,4949,20154,12068,7868,3228,10329,23896,13093,24969,20902,24059,26665,25820
5987000	25596,26034,27060,9120
5899750	21865,16550,12220,7105,11679
12008000	27155,29084,14020,24274,7868,26618,17647,3185,10329,4960,7208,24196,11904,1591,18075,1966,29547,19381,25618
8997500	10726
4809750	21110,18771,23884,1831,14266
5962750	24196,2251,5151,16800,5803
573000	13592,13390,15934,21092,21400,679,19615,11524,10329,18697,23662,18868,25420,21796,27927,1831,29547
5059000	24869,21838,23662,12512,17783
6264750	21110,29203,3458,1415,1917,1507,1831,2826
5293250	24193,1237,22583,21632,27446,679,16550,12220,3995
5121750	251,15138,679,16624,5429
892500	6672,27912,27625,14580,19539,26422,25989,7071,10306,11670,27505,3313,20297,10840,16818,6147,24447,14240,1630,15638,10948,5557,6740,14020,28641,4949,7354,8327,15584,12159,29099,7963,3627,21796,1831,1966,5310,24601,2669,4571,6908,25488,17446,28378,19394,6352,17945,12680,7297,11969,12243,11849,15019,12977
10302500	1630,10646,29213
2797750	24616
64000	21865,11670,679,6805,12283,6154,9912,554,27514
203750	25372
10257500	10893,22556
4454500	10970,15138,27117,25830,7856,949,28653,21071,2655,24460,10570,8689,26959,24869,11849,24929,29099,3627,9486,16674,15019,26699,4125
567250	23251
2874500	28370,3850,7323,16331,7868,2257,1392,3047,28410,14922,12220,1831,2963,28059
8248750	29203,4846,13020,14119,8628,12394
10052000	21110,22126,16754,143,14020
11625250	18990
848500	13745,6096,6672,25260,9563,1577,7286,1501,14942,21067,4078,10151,26288,259,11196,1591,13070,1831,1788,14261,28065,25488,4172,7868,11849,24929,24869,13226,23628,18868,10404
11631250	15065,19252,5598,12606
11896000	17945,11687,4571,11176,2227,13430,16564,7105,3228,12977,12737,15302
5828250	28694,4808,9031,21919,1008,7990,6880,17331,7613,2963,19828,6988
7797000	15159,6290,1831,13942
3751500	20300
9351750	15672,28065,11080,14580
9906500	24277,21336,3047,28411,28270,155,23656,5845,3627,26829,14922,24601,10970,20484,11687,15138,4709,13240,21919,2227,14360,6290,8689,21110,26722,360
10774750	5640,9563,1577,25488,4683,7105,13888,8327,14942,8296,23251,14153,9363,15672,28391,23656,16406,29445,27791,24966,6520,11465
1086750	21533,22400,18977,27508,15308,1084,11080,679,7611,7868,9899
4716750	29146,6672,9563,29385,4324,17331,8511,13784,3047,13757,25669,29202,28992,3032,18805,2764,11670,2963
11046750	18575,8637,7169,27198
4967250	28391,6101,7868
2807500	7552,10014,27117,17024,20585,10840,2826,12512,3047,16463,29203,11196,28924,14240,14119,12586,6820,11329
7854500	14261,7552,14020,4949,679,13450,29465,527,10570,29203,11849,12159,29099,11951,12977
861250	21110,10176,27035,2826
11936000	22179,16420,11687,19632,22359,21393,3804,21865,15946,15831,26722,11849,22664,21838,13020,18868,12435,24942,7059,11465,10948
7002750	599,7868
9720000	12358,21092,12790,13830,24922,9111,23774,28411,8816,6828,11849,24869,14159,3590,17020,16110,24601
2103250	7465,22359,617,5429,10329,5077,12394,16540,8278,11196,3151,3627,28855,4220,7822,13737,1831,21758,24601,28370,28065,25219,13450,11022,16609,6290,26523,25372,7567,21110,10176,24869,23563,28017,16564,3590,19974
3245250	27155,7692,26722,22393,18075,11280,23878,25570,25618,18730
8792750	15661,5598,12606,15534
8435250	18024,7827,11176,4949,679,21067,3047,10999,16540,5845,1591,13430,7611,11679,14261,22393,13240,11080,13450,7868,5043,18730,2655,23896,29473,15019,6431,16110
11352000	21400,11176
5780000	24274,27257,17061,27906,10329,4078,21865,155,2729,574,28465,15315,19523,27092,21758,24788,20180,15390,22393,13450,7248,1392,19680,2971,11431,8316,14533,27955,13471,28885,11776,6741,4949,471,23134,7105,13888,10928,17959,7692,1000,3627,27155,21092,15811,3740,2173,11022,19394,9340,29473,24869,3590,26568,26665,29364,5094,18180
7830250	8278,12933,20127
9215000	26005,14020,7706,8943,15423,14294,18523,13888,554,23251,22489,1773,28985,2436,12394,9242,5416,18575,11196,21078,13971,5845,11263,7963,8651,2729,25386,15315,4582,1831,12287,28059,28135,7868,10480,6352,25372,14266,2410,21110,20630,18075,241
11949750	6096,6571,13554,1591,647,2963
5264500	18515,9209,5912,27625,19539,6104,12394,2436,27508,7611,12220,24541,1831,25329,11679,5470,7552,14261,4571,27946,22547,18612,7868,8625,14266,19814,17945,20164,18805,7096,23421,14470
11590500	8842,26114,16550,7248,7070,7997,11578,28992,29203,6828,29099,13554,7613,28059,11679
11283500	6101,12220
1727500	4452,3228
2050000	5620,17960,6738,25733,10702,24984,7048,18996,12329,21336,10329,18097,23656,15799,3626,6242,12717,27791,5306,9802,5053,26127,13240,8637,11022,26866,9340,29473,27205,14242,14415,15231,12737,21659
7657250	25090,4452,29445,28687,9301,4411,22946
12016750	25989,24277,11790,23896,11849,18730,24601
5726500	25733,25260,14020,4949,11176,949,26894,7105,10171,28410,3047,28985,28391,22280,5845,11670,5848,1831,28124,26754,14796,29490,25090,23465,12431,13779,11080,12175,7868,25372,10176,12977,14470,19973
11984750	9620,6672,18024,679,14580,6104,5625,3702,2739,1237,9486,20207,15192,5848,28465,15934,14261,25086,5863,22393,11080,6290,14266,18730,8689,911,26722,18946,24447,21838,12747,26728,12055,29547,2367,6740,11176,2683,11888,11052,13888,2257,3627,993,21796,13430,11465,18544,28370,13240,7868,21110,17470,20800,18805,23409,251,15018,12977
4963500	14661,24277,16420,21092,13240,13450,13830,25372,2655,22489,4078,21110,29203,24869,21565,15534,18002,17767
6233750	15138,2891,2963
417250	21092,3068,2367,2513,4336
7921500	18575
3344750	14930,28524,6740,8805,24274,1771,5015,14580,9195,21865,3809,11060,29099,27791,22342,12220,26972,16754,15138,3313,25488,11022,7560,17640,21110,17945,11431,26728,14415,14533,12977,7173,6431,24571
7513250	24277,20180,6571,20388,27191,20979,21706,6290,7248,25372,15383,2655,8628,4078,16463,29203,7692,21684,9301,10584
2200750	27155,26736,8805,11652,143,14020,1739,11857,617,12666,2655,18730,4078,9848,11060,14276,18805,14533,5336,11465
4047000	28370,8943,20551,3983,21919,26894,7105,14942,12512,28410,17945,11196,11849,7208,22317,29446,14119,7542,18183
3054250	2929,27155,5448,1591,12285
4259500	25676,4949,11176,13888,10329,28410,8005,16540,22280,29099,29446,12586,14976,29084,6951,22393,12352,11080,23878,11018,18730,26722,24869,251,15019,12977,5336
3524750	4808,5081,15065,614,27625,6908,17920,1950,6868,1773,3047,26871,23549,4491,2254,18185,18805,251,7963,993,1966,19973,11776
2168250	18515,22393,15138,17606,11080,12068,7868,8625,8689,6828,18946,24869,21838,11679,17972
10715500	6820
439000	15934,6096,21400,11080,26114,16821,8719,647,7105,7868,11793,10151,11969,25415,10916,28669,26404
7588000	22749,25086,11652,1037,5254,12352,4949,13450,28653,1739,7105,13888,17647,2257,10329,25839,9549,17470,155,12717,5848,12977,26665,24601
764000	28992,10240,15065,6880,4324,18990,25618,25820
3188000	5469,18025,17429,12220,14603,2655
1110750	21110,3458,10176,6951,1461,14603,16463
4625750	26000,17882,4411,13888,554,29197,10570,10329,27906,16540,1000,4281,11734,24471,29099,26699,934,2669,13390,22244,22749,4571,25086,3740,14482,22321,21840,17641,10840,23103,25372,21844,17945,10176,11849,24869,23628,8313,14956
7785250	11790,20551,20154,21657,24015,26959
6515500	14930,16754,201,28065,6805,22889,15478,527,25372,23340,24015,27906,29203,13258,15831,8890,13020,1831,21657,24601,11329
4921000	11652,1739,17393,8689,21833,27508,251,11670,8890,4731,13430,27179,2963,24601
4102750	26843,1666,13070
38250	24886,22244,15138,14161,14580,20979,9111,12512,17959,11018,22489,14265,7071,21865,9848,28924,10282,10051,20626
9015000	4731
10609250	2254,5330,2945,10948
3249250	26394,5086,7963,22240,18075,20411,5185,25029,11793,24978
4804500	28465
6766250	22126,24392,11080,14266,25372,23774,16540,29203,23896,599,26699,12433,24966,25329,12285
154750	11196,15672,8943
11972750	7071,21693
1446250	19993,20484,15138,5254,20297,22359,4683,9657,26618,2655,21217,4078,17060,15159,11196,23482,3390,14533
3892750	13020,22204
5143250	25793,10702,17401,9563,14020,18024,29385,18791,14482,26619,25372,5429,8689,23549,9549,8027,8278,28087,8965,6828,13853,7542,23475,20411,28124
11129250	18515,25733,1037,5285,2683,949,14580,15718,2257,23251,10329,12541,28924,3627,2729,5848,23861,14922,21975,11687,28370,13240,11080,7868,24015,11790,26722,23214
434750	6542,4571,6104,13888,19973,19394
9076750	14930,7552,16754,28221,20297,20979,2826,25372,4078,16463,17748,15159,18575,24196,5712,4731,18075
2198750	21110,18743,23482,16754,14020,13054,16550,9250,12220,2367,12394
10185750	911,8805
4025000	18575
4680000	6147,19197,25372,9985,2655,16463,12754
1782250	26736,22889,15478,8327,24460,10329,21110,4281,155,15799,29265,18131,1591,14415,25570,18002,12285
3304500	3850,26114,679,11080,11022,7868,3804,10480,6352,8689,24461,4931,1237,9549,18575,10680,17013,29099,25169,29265,10916,17228,11159,19457,6158
10393750	5598
2378500	10970,26546,10014,7230,22749,4571,26619,25372,23774,21110,12886,2367,19974,2669,11679
6619500	28370,11687,7354,10329,21067,8689,21110,7692,26722,4281,3627,993,11465,2669
1832000	21110,10151,6828,20668,11939,11080,10916,2179,7868,25687,12287,2198,27906
11142000	21110,28391,8996,17407,9620,29099,15138,12352,5833,18075
9807250	22313,476,26722,21632,4571,25086,4510,28065,21372,5848,7868,10329
4956000	4571,29099,4949,22547,1591,14580,2042,7868,24601,12285
8156500	27888,6951,28135,20297,21950,6447,4078,10176,28270,4691,27505,1831,6431,19974,5094,11465,20846,16768
965500	4931,26378,5856,2251,20297,8257,21050,18227,10646,18275
1140750	4808,1222,6741,11176,28410,21865,12541,9549,7692,24534,25933,1293,15395,27155,10193,14261,25424,15138,28945,3740,647,7868,5667,5184,5592,23475,26665
4087750	19014,14261,28370,3627,23662,251,27791,23475,2655,21672,27906
1966250	9195,26722,155,25086,29099,22547,25488,20207,11052,4479,24178,2257
425500	22094,25424
6700250	6672,11176,8719,23134,647,3324,5185,11578,9549,7957,29547,13394,19381,25570
6247250	21334,9620,17882,7354,14580,19615,11280,21672,17060,16540,24471,11670,993,12586,22342,11951,25618,10646,14261,15814,4571,22547,2227,10840,21844,11018,17945,5267,26378,24869,11849,1752,25420,6880,14533,19973
10224750	5267,21092,5797,10247,21393,1831,11679
3520000	11000,7622,18829,27394,22094,1700,6672,9563,28065,6498,7105,28410,8689,21110,17945,12159,18805,23409,3627,29099,20626
5491500	14625,2610,20154,10872,16939,21336,22489,3047,4078,25989,4452,9848,16217,21078,5845,7963,23662,14159,25212,20896,12013,24601,15534,2452,12285,239,5799,2000,14261,15138,8719,14603,7868,9111,2826,8296,24015,25372,27406,8628,2655,27407,20803,25169,14533,17767,1691
2386250	16754,27446,3534,6880,7061
591750	5416,26722,15405,15315,12394
8628250	20180,26005,12728,15390,26127,4238,18024,28876,22547,12790,20979,2826,554,28481,17181,11793,10879,4078,12754,26288,14153,18843,14415,5848,4582,16624,7173,21659
4447000	28370,14482,7868,26618,17647,4078
1855750	14261,7105,7868
5279750	15934,27396,27117,28065,2368,22547,27257,9829,25989,10151,21078,11196,17438,20800,12159,21838,15018,22077,13430,28855,12220,14956,28885,23584
1758250	6571,7208,9563,27791,23284,26712,12977,19973,28481,15534
341000	11652,25260,4003,25676,14294,679,13888,2257,10570,8414,16540,22400,13430,1966,27514,26754,13592,14261,25488,1739,7868,527,5043,18730,8689,4960,9340,26722,23896,11849,23214,22317,15019,11220,2963,6431
7568250	4571,11670
7323750	29203,7552,17087,20154,14119,2826,554,15534,4078
10112000	6839
9782000	21865,15661,7706,21071,7248,10570
6272000	20180,11790,17483,17400,13450,16821,2803,12055,554,10171,24978
69500	143,8257,679,21392,27906,10329,22973,23779,18843,24541,15315,24907,9612,25618,9479,6839,5598,647,17641,17640,18730,24929,22664,26728,4059,6820,6431,12737,6740,6741,14020,14294,4949,8327,6868,28410,21672,7356,29099,12717,27035,15249,12287,10646,12285,2669,4571,22749,5254,13240,28621,5529,7868,6352,19394,8628,18196,17945,6621,24869,18805,251,4731,27060,3590,360,21657,26665,19973
5024500	21400,7706,24081,7354,7105,13888,3228,2257,23251,10329,11196,22280,27508,3627,26829,29095,21693,7680,8643,24601,9802,5403,7620,11687,13779,20297,13240,8719,7868,12168,24015,21844,8689,21110,11767,26378,18805,13701,15018,14894,20747,8313,19974,17835
12004000	18683,15307,16463
7163250	14020,17606,20154,1771,19539,4324,2257,10329,28410,17748,17060,16540,4452,21146,155,26595,17087,29099,8148,13430,1831,2999,934,11465,24669,28059,14261,21975,4172,16913,21110,18805
12337750	6571,27615,554
3846250	16722,2270,9072,5863,9563,12352,13450,8719,15686,23143,11882,11196,15584,12220,14182,11679
11874000	18741,18167,10014,13354,4510,7096,17606,22556,1282,13844,4220,18180
11646500	26973
8845250	21334,26546,16722,4750,5081,22484,9620,5086,9563,1771,24459,13830,554,29197,28985,17060,17214,12394,23928,11196,24196,29099,11670,29265,29331,21693,13070,934,1966,26464,11329,25022,5799,28687,19394,23103,18730,26871,8689,21110,28694,5267,10680,23482,14415,6880,18075,11776
8848250	25488,3534,10329
8528750	24196,15315,26585
8940500	13592,14261,11687,14020,25676,15661,20297,11176,4949,11080,5598,2257,13784,2655,20127,21110,15159,23896,26722,251,528,20411,1831,12977,26665
3903500	14261,15138,11652,9563,24274,4949,15514,13888,17647,1392,16540,4691,21146,13226,29099,15019,8148,13430,25618,21899
6257000	16540,23896,11849,22749,23628,25424,23563,26699,21071,12285,28411
3266750	21865,5416,29099,23884,679,12220,15315,16624,21659
5910250	6621,11196,21092,23448,554
1710500	18353,25260,25676,4949,679,7354,19539,554,26422,28410,21672,10151,10247,29099,11670,2729,14780,29095,13070,1481,11465,18275,29084,22179,5856,27117,28065,3313,22547,12162,25488,7868,8628,18730,11018,8689,24764,24929,18805,21838,15018,14120,3590,8313,29547
12015000	21883,201,15138,22240,2826,4078,29203,26900,28508,5267,7606,24059,28124,12013,27514,12285
12142750	18575,26722,2971,29099,25424,13888,2963,10329
2476250	13779,4694,23202,21950
1661750	1037,14020,7827,4014,13888,21950,7105,6868,10570,4078,16463,29203,21078,3151,7963,3627,22342,15534,2669,13592,9802,22179,14261,1731,4571,20551,12352,11080,21372,3324,10480,6352,25839,13093,26722,21838,9471,7173,17835
11111500	22029,4216
10966250	21865,251,17087,22077,12977
11339250	6828,21838,6287
11616250	21975
3312500	19993
232000	7465,21865,16406,15308,21838,3536,12717,5324,17823,16653,7868,25839
7892000	17960,14020,15661,25742,14818,9829,17060,7692,22280,5845,24471,27791,7059,20536,22547,3983,23284,26523,17647,1530,20803,9340,7297,11578,5267,20630,24942
11391250	22244,28924
2891500	1237,8027,28370,3627,819,14580,14161,2257,20966
3590000	14276,28924,9111,7567,19005,12285
11313000	15065,1917,949,7105,3228,11018,17060,23143,11790,11196,11849,12977,6968,15534,16009,11679
10261750	8278,25793,14261,23896,15831,23214,20388,23628,5285,28653,21657,17061,12285
6874250	20300,22393,143,8637,2683,11080,647,11052,13483,12168,28410,14265,155,12747,17760,993,26754,10646,18275
5847500	21865,4491,6672,28504,25676,13749,11080,12055,7868,7173,26754,11329
8129250	23793,16323,10532,15784,10694,554,5429,22489,18730,27906,21110,8996,13971,18805,12886,23662,24844,7511,19828,24841,2669
11730000	28286,22484,471,29465,25742,20979,18523,4078,21565,23656,5845,29445,24471,7963,8651,9472,5848,4582,14498,9301,2513,15390,11201,9658,12914,8724,1446,16564,21659,25651,422
1622500	18771,2000,18805,15138,2891,4078,24911,12285
10069500	14261,15322,8637,7868
5139250	21865,22094
6234000	26006,12728,6672,22359,25193,26619,16463,22894,29099,29265,27791,4220,17020,18990,13067,569,239,21092,22556,21372,8689,28752,19217,17706,15018,3590,6880,12977,2568,23207,12438
10979500	25372
9794000	14182,17835
4118250	398
4658500	14261,17453,23157,28707,679,16550,16361,21110,29203,24344,21565,23482,24196,13020,1831,7037
3799500	21838,21768
2480750	21110,25329,12394
8049000	26546,5403,22880,21092,3850,20979,13888,10928,23774,23779,11578,11849,2729,4582,27955,17664
1806750	26394,16754,20701,14074,5625,12271,18558,16463
10229250	13592,22179,25086,4949,21071,17926,23774,8689,7297,26722,24869,16944,18805,23628,251,23662,24541,14533,18990
4257000	16913,11196,4571,27625,22547,11176,15089,4059,27060,24541,5043,2945
2448250	21865,15138,10532,20826,5529,21815,12977,24669,11679
8949750	4808,15934,143,14294,3228,16818,9549,6828,2217,17438,21869,29446,21962
8799750	13592,5254,20826,11080,679,8327,18730,10329,28410,14533,12977,26665,11679,12285
10773000	21110,11196,3627,11176,11889,993,2999,2257
12204750	6571,22749,7963,15019,19615,24281,4078
2187500	10866,23628,8028,4324,27161,7542,7990,17331,24942,2963
9586500	27155,5053,5799,4571,11687,9620,22393,25676,4949,11080,2227,14580,7868,7105,13888,23878,11790,8860,20800,23662,16500,215,24601
8346250	1831,8375
2316250	4571,679,21950,9688,18730,10329,8689,22400,21315,12977,19973,18180,10948
764750	5403,22749,9486,7868,3804
2882750	4452
8040000	13745,23793,25596,22484,21883,22094,6672,18996,12994,10872,10329,17060,4078,23779,14573,16406,17084,14917,4762,27791,9472,2999,2600,18275,20484,2000,14261,16420,22393,12489,22547,14788,14969,10840,27205,14120,8049,13872,2568,17767,26341,17405,17960,17400,9563,22889,20154,20256,24081,3228,17959,29203,24194,21565,29445,11605,13070,10646,26464,29213,12285,239,29084,13390,7552,14902,5797,15138,3983,29224,2173,7868,25372,20831,2655,11018,20803,15159,28504,20253,15018,4731,6880,12433,12977,7173,8495,21659,23538,22447
7435500	22179,14261,3850,12431,7975,23086
1148000	1831,14266
6998500	476,14261,11687,201,25260,14794,679,2227,7354,24015,14265,8689,11790,10176,29547,13607,24601
10768750	19993,29146,25260,14020,21840,2999,25820
10000250	7654,28391,19955,9486,5598,10694,6171,28256
7476250	27155,4949,8719,2891,28653,647,5185,6352,18730,9899,9848,6828,24929,22664,29099,25933,23662,15019,14415,19457,20338
731750	24088,26736,2270,1731,4949,3774,679,4411,9138,6352,10570,10329,9195,7692,12285
12229000	17389
10588000	9295,14020,7354,2655
4153000	11080,26523,14942,22621,21865,22400,251,29099,11431,5330,15315,14976,17835
2688750	11652,11176,679,3774,7105,4411,10570,27906,4281,4691,155,12717,13607,24601,2669,14261,4571,22749,22547,13450,1739,7868,6352,22621,18730,11790,3181,22317,18805,251
1969000	18575,15831,14020,20297,11080,5848,16550,12220,24922,1831,6352,19574
4193750	28992,24929,21883,29099,3313,26699,26585
12028500	24088,18024,21392,10570,16540,8027,11196,21565,15584,27446,2999,11679,28059,12358,13390,21975,3850,2173,15686,10840,28481,11018,21593,24869,11849,905,19891,14533,14182
1793250	2033,23793,27508,17400,14020,27625,4949,679,14580,6880,7611,21067
7699500	6672,14020,4949,679,949,11280,3228,28410,10329,21672,26716,16944,3627,5848,15315,2999,25687,26754,12285,13592,9802,29084,14261,26127,22393,1546,23698,7323,6290,25372,11793,20127,11767,22317,12977
12231250	27155,23612,8637,28653,7560,19539,11280,9111,26618,10329,12541,28087,25169,28149,12220,26973,27514,2367
6564500	8528,17606,3699,12394,155,20668,20207,15315,12220,2179,11679,14796,14261,22393,22547,11080,647,19814,18730,18013,27961,8676,882,4949,11176,21950,7105,12271,2257,9829,21672,28410,11612,11196,22280,3627,29095,14902,4571,4709,6908,7868,17945,18805,360,12977,19973,16110,241
6852750	4808,4949,25219,22359,13888,26619,10329,27906,17771,7208,7822,1831,2963
9592500	21334,22094,20388,143,3774,679,19615,9688,2739,10329,5661,18167,155,23241,13020,27791,24541,18990,24601,5254,25219,7868,17945,11790,29473,24869,26728,8316,2963,19974,20695
3009000	11000,26843,7230,12327,11280,28347,27906,5627,28411,17732,18388,15138,22393,21919,13450,21840,7868,10480,17647,6352,27407,19014,24869,8724,15019,21657,8313
10063000	22244
448250	24780,15911,6868,18196
12275500	6828,24471,7572,23134,18196
4557250	21838,18868,24841
6172000	1037,2729,15018,25366,6880
6061250	4949,11176,679,8719,7868,26288,15019,13020,3590,23829,21995,21657,7173,26665,7400
4922750	7654,25733,1222,9563,18024,12271,10151,5661,4281,27508,4691,10306,17087,2669,2000,21092,25830,2771,8173,19951,17945,18013,18743,20701,14120,18465,23086
7269250	2729,26180,1831
3719250	4960,28184,22482,21838,7409,10916,3362
9716500	5856,22749,3850,28065,6908,7868,11465
6683750	7465,24277,25596,6571,28641,14227,4949,24922,14818,26619,27906,4078,29203,8996,4691,14276,17087,13020,19339,13592,7552,19405,14261,1884,2826,2655,17945,21110,5267,23896,28752,19680,3181,23563,16500,19891,14119,4731,16624,10404,7037,19974,20695,17767
980000	20180,8724,29099,1739,3228,6868
621500	13779,6326,21110,4147,5845,29099,28924,11670,23861,15345,24059,360,16009
5742000	10151,9549,2000,11849,25261,201,25830,6840,25248,6104,12287,16716
7375000	11682,27946,21632,1461,11857,554,20184,5429,2655,16463,29203,24196,15838,5310,569
11114000	21092,11849,25372
10619000	4949
11321750	22880,13745,14020,2368,1577,25742,13888,10694,21672,10879,4078,17060,5661,16217,1000,21684,6242,11730,9906,29330,934,11679,12358,14261,15390,14554,4238,3847,4294,14360,7868,28481,21847,17181,7997,27205,1446,19891,29547,22447
7060500	3384,21092,21975,504,23214,5285
6751750	16722,18515,3658,28641,20902,13737,19828,12285
2968250	21110,14273,24929,13888,12737,21672,16463
599750	5470,15934,1731,6672,143,20297,24274,17823,7105,7868,23284,3047,4078,21110,26378,24929,155,6880,12977,25329,2963,24788,18002,12285
4059500	14261,1461,15089,14580,7868,2655,11793,16463,4078,21946,9549,11196,18805,12159,29099,14120,26969,21796,27637,28164,569
1492500	16722,24886,6738,18024,12352,679,24590,14580,13754,7868,28899,17640,2257,10329,911,17945,16540,11767,28270,3627,9486,13554,26605,11679
2492500	15661,18612,20979,10840,17647,5803,11849,18736,13020,25420,5848,7037,10584
9973000	10970,6828,24471,25260,18227,23475,5429
2910750	4039
12015250	11080
9512750	7552,9563,14794,4239,679,22359,19431,4324,7868,13888,3228,14165,21865,21110,19014,21833,23656,27205,251,3390,26298,20896,12287,25651,13285
2006000	25372,15534,17060
1724250	9936,21078,18575,27508,11849,12162,13070,9471,3228,19574
6654750	23928,28391,14261,679,4731,8327
145750	11578,5067,22099
3014750	2353,22126,11196,24898,25424,4694,6980,3534,7868,3228,25372,18558,20127
3644250	14661,7230,4571,18024,27117,7706,8257,8637,2891,17781,4381,4078,26722,23214,21315,18805,29099,16674,23475,2568,24669,12285
9694750	7552,22393,15138,6908,14294,11080,15414,17060,18741,28662,10176,10680,17153,11849,23656,27508,10247,1507,27791,6880,27179,25029
1240250	21092,20297,679,2891,23103,18392,12394,8689,11378,26288,21110,13975,15159,15946,624,1415,12220,28059
1046250	6621,23214,28463,14020,12352,16550,2257,25618
11527500	25086,6947,3313,13450,6290,11280,16884,26619,28410,10329,21110,24869,13020,15315
4336750	29203,19217,16155,7680,569,20846,16463
12388250	23793,17400,26576,15138,143,6840,27670,21840,22621,10570,27906,9848,10680,11196,11431,6880,18712
7190750	9413,9072,14526,27791,14482
4115500	1222,6731,14470
5012750	6571,14227,25676,4949,24392,12329,14818,3393,8278,11196,16944,15799,3627,29099,13020,27791,24669,20180,5053,14261,7868,13784,25372,5043,1335,12754,29473,10893,25169,5336
9982500	1591,6805
7886000	5403,29084,10702,11687,28876,6840,14580,4014,9111,14784,5267,11849,24869,251,4694,26829,24844,5848,10282,3590,26404,24601,2669
1165500	6805
7927750	21110,15065,6290,19394,25372,23251
12331000	28184,16609
10578000	13592,28992,12914,528,13778,24274,13240,14073,26523,20896,11776,422
415500	6331,6246,11687,8890,27415,14360,23164,24841,19381,24015,24601,11679
8195000	13975,10970,13592,21334,7622,15831,7827,8943,11080,12220,1831,5185,21672,1788
1525000	11196,11080,7868,2257
11772000	24898,13779,1966,17393,24015,5094
5239500	18353,4709,13450,22359,16939,14360,23407,7105,11524,26619,8689,23928,21110,14153,5067,8965,16500,7059,28124,17767
9946250	21110,15159,25960,155,3536,20297,14451,14119,4731,4078
11711250	17760,5848,21338
11734000	28754,14261,13745,18805,13779,6908,22547,679,26728,7354,27060
861750	29203,7552,28924,13020,4731,19431,23284,28744,2655,4078
3795000	9802,26722,476,17438,4571,26127,29099,11670,15423,28687,15315,24616,28985
2350750	4808,2610,28641,8327,28410,10329,4078,16540,25989,9848,24196,29099,25386,7613,25329,24788,19405,5797,15138,9658,10840,7248,25372,20803,3590,6431,2963,23622
10477000	25212
4907500	8965,11060,7827,13020,29465,18075
4814750	5470,679,10480,19394
2428500	16913,17153,15584,24471,21869,5086,7706,2683,24541,9250,17640,29231
6015000	12914
11683250	12541,23549,6828,9563,15018,15661,18868,7868,19814,15302
4886500	21110,14159,17640,12285
3723750	13247,1831,2826,2655,21672
472000	29203,6542,6211,25333,5598,3515,13888,25372,25618,27406,23584
9811750	16550,12220,4411,27407
10539250	16406,1461,14020,28017,17835
8555500	26614,28752,4510,29078,25372,18180
8666500	11790,15672,5267,5469,4694,24015,24601
11169500	26614,3647,143,26608,28641,14294,21393,24922,12271,3047,12394,2436,17060,21078,18575,22280,11060,13734,9842,28059,10014,26394,7856,1739,17641,17640,6352,11018,18196,27407,20800,15019,6820,14533,18180
3734250	6290
6848750	15935,3555,1010,12606,8511,11204,21336,4738,7070,8307,264,15365,10948
1934750	27446,21838,3555,11176,11080,25488,22889,7822,25193,5429,1788,11679
9044750	2945
5697750	21110
10054250	23470,4667,19660,20846
8280500	19,16674,17972
5354000	20180,21078,10014,1415,21632,5896,679,13430,7173,8763,10948
42000	20297,15089,679,20979,21815,554,9829,28616,28481,17181,4078,21684,23448,26728,7511,14446,21758,21899,21659,12285
11440500	14261,6571,9072,22393,20551,5254,11052,7105,3228,10329,28985,26722,15672,11670
528250	155,8693,21950,14446,2963
5915250	15138,4324,2367,28453
3149000	22179,9817,14575,14294,12747,14580
8172250	19339,6290,20338
6003750	2033,4750,2610,27625,4949,11176,471,26618,15414,28411,16540,15672,23448,12586,13430,12285,5053,7737,16821,10726,2227,7868,11793,23628,15018,9471,21659
6754250	17945,10193,4949,14119,21796,1739,617,10584,24788
2733500	7552
5226500	21110,9072,11687,4694,20297,13883,8689
8163500	24519,7827,4949,22359,13483,2257,28410,28411,22400,23662,1831,25329,19381,20846,20484,4571,25086,22393,3252,23103,22621,3658,15019,5876,18868,14533,26665,6158,28438
5226250	26006,14020,3313,15718,29465,10329,8689,4078,15831,7208,24929,14276,2729,20630,24669
8730250	11687,11176,6805,12068,6597,7868,12977,21657,24601,8689
2988000	21110,15828,18575,22482,7150,14020,20297,16550,12606,13067,22894
9651250	17945,1598,11080,26754
7600250	22179,23793,25086,143,11176,4949,11052,12758,3228,24616,10480,28391,8996,24869,15322,5845,12717,5848,25570
10212500	24081,24788
11131750	882,10014,6741,22359,14482,7868,7105,23284,17647,10329,21946,11196,29472,16406,22280,23662,12586,13430,18075,23622
9079500	11022,21071,27314,21950,7868,21336,2198,23549,25272,23779,4691,27508,7208,15741,29099,13460,12220,13070,11543,28059
8216500	16722,6364,14261,22393,20388,22547,3228,554,2257,10329,18730,17214,12394,16540,15159,11734,25308,26722,15405,3746,14159,12283,13430,13070,26665,14956
7810250	29472,3740,6880,19394
1244250	11410,4324,28183
5078750	7260,20484,6672,22393,5254,679,11080,8719,12666,25372,10329,21110,19217,16944,7096,23628,3627,13020,19973,25329,26665
2364500	12329,17823,13757
11496750	3555,6980,13020,7868,10948
8072250	6098,22095,16406,27033,19036,28616
4876750	22393,5086,143,14020,679,949,7868,17640,21950,3228,28410,27906,18730,2945,11378,12394,9549,27508,11431,11101,17835,20536
8033500	24869
3405000	22094,22489,11679
7715000	21110,11790,5590,15672,13795,8890,17402,679,7868,1831,17640,24015,24978
10592000	14261,21400,4571,6908,14580,7354,10232,7868,9829,2257,18730,18697,8816,26728,993,10916,12220,20411,1831
6694750	679,3228,9829,21672,10329,25272,12475,3151,23662,13020,9472,27155,1461,12352,14969,6290,7868,25372,2655,18730,2945,20127,21110,15159,11767,251,3590,18075,12977,26665,17835
3787750	29490,2610,26969,19005
6996000	24277,13354,5330,13754,27198
5261000	4960,1222,17407,24869,16944,29472,18868,471,3324,1966,21672,24788,8689
5906250	22400,21092,1739,14894,3047
5769750	26614,11687,21869,23662,143,24503,14294,4059,23878,2257,6868,16818,6548
236000	20803,29203,16406,29445,22393,28504,27791,7248,22523,11018,11963,18275
5642000	5620,18353,29084,28945,25424,4949,11176,17606,1739,617,10840,13888,9657,6290,12512,21672,7071,16540,8278,29099,13070,26665,22371,16009
1104500	6096,14294,3534,2257,3047,16463,23928,1237,29203,23656,5845,26829,9301,12220,13430,569,12352,18678,25372,2655,2410,28754,21110,9340,3719,21838,528,12747,23202,12977
11141500	23475,21657,2945
1531250	14020,7827,25676,11176,7456,24459,10329,15302,4078,21946,10999,21337,5661,7208,10247,4571,3313,25488,4499,26523,2655,18730,18196,7026,24929,11431,7990,18075,24942,12737,2963
1617250	21334,3458,476,19405,15138,19632,18025,5077,4078,15159,21533,2217,28391,29099,22077,12283,1831,20411,18002
6412250	21110,7260,15159,13354,7706,9486,24590,20184,25372,1672,2655
6099250	7552,13244,25260,7868,5185,25372,28410
7918750	23662,11652,22889,949,3590,7173,18275
5952250	17945,28391,24471,25424,5640,8637,23273,1591,21071,24922,9612,5094,29197,17060
11601500	155,27625,20297,23407,2655
2921750	25733,143,27625,18025,4949,11176,21393,13888,21672,5077,16540,25272,9848,8996,11196,22280,11670,27791,25618,20184,12754,21110,6147,26722,18805,6880,14894,360,14182,11776
7184500	27155,21334,10193,18388,20300,19702,7827,22359,527,7868,6868,21865,8278,26722,18805,23662,27659,13494,16500,14533,12977,16110,11499
725000	7552,23793,7706,14482,7868,25372,2257,2655,21110,17945,29203,15159,27508,29099,7611,20902,1831,17835,20846
11493000	5067,12352,24844,9471,25029,554,6326,22727,8689
2232500	4808,11000,6199,28641,679,4683,10329,27906,28411,21865,8816,11196,11060,7963,2729,5712,13070,26754,1481,11679,1731,19405,14261,19702,12162,22547,11080,11857,18730,19217,24869,23628,251,14533,12977,11220,6431,20694
805750	7070,18805,28924,18024,14580,28465,21672
6400000	28087,15672,16406,24929,20551,5712,1739,6352,19381,2600,2452
7405250	14930,21110,7552,25372
3661500	21110,13853,12754
1724000	23793
4133750	21110,29203,15159,19217,15138,13020,12175,1831,25372,2655,16463
8617500	28270,9072,4571,26829,27625,14020,10694,20367,26619,21659,5009,17767
1838750	21110,1831
1324500	19862,15672,8028,12489,6287,7868,16376,12606,19828
11397250	7762
1459750	21110,16550
11613500	28641,7868,9471,2257
10790500	22126,22889
8702500	23779,9486,8257,13240,617,1831,7868,25570,12285
5440750	5470,13247,14930,647,19431,11052,4479,12168,12394,19862,21110,20045,14853,20701,9487,20902,14894,9842,25029,2963
5865750	16722,23793,11652,4238,15089,21919,16939,20979,28177,7868,14821,3228,2257,28616,8689,20803,11196,5845,398,3145,14159,1446,29331,57,20896
5336750	11000,8278,11176,2198
5655250	27390,21883,6672,143,11524,3702,4078,26716,21865,25989,16540,16406,13853,23662,11670,9472,24541,18275,5470,20300,14261,3313,22547,11080,23878,24929,25169,9030,11431,14415,26728,12055,4125,18515,22027,9563,14020,3228,7356,5661,11196,24194,17438,9131,7963,20411,10646,11329,239,4571,8637,8719,15988,4960,29473,18805,22317,15018,16500,23831,16624
3963750	14020,4949,11176,21067,28410,7356,18575,22280,12159,23662,29099,13020,26972,25329,4571,22547,6352,18730,2655,21110,19014,18805,251,7096,3590,18075,12977
3981750	5053,22179,14625,9563,18024,2683,16939,27407,21110,21565,26829,25386,1831,6520,24669,10646,22447
2088000	22179,18388,5131,28184,21883,20585,617,7868,25372,2655,4078,28411,20127,23549,21110,3719,17771,15019,10949,15534,11679
835000	21067
1906000	26288,21110,13240,2891,12220,2438,24601,11776,17835,16463
9244000	21110,5403,22094,9620,18805,29099,11670,9486,3536,8943,12489,7868
8910750	26614,26546,8528,14020,7354,1010,12606,6326,6447,28453,28985,23928,26288,9549,6246,29099,12220,11330,27514,18273,20180,25917,21632,4571,4510,3555,13779,2160,8637,1950,12688,5598,15269,7868,29078,24616,255,18937,10680,20701,22317,24503,3590,6154,2367,10948
4189500	3627,5667
4853750	25596,18024,23134
7143250	22749,5557,28641,7856,2227,22087,17647,24281,5803,28752,23896,11849,11060,24869,23214,13070
6848000	11687,25676,3740,26619,19394,24601,23622
7445000	18075,25372
