0.7058823529411765	0.2356687898089172	0.0	0.0
0.2	0.31877729257641924	0.0	0.0
0.0	0.02127659574468085	0.0	0.0
0.0	0.014925373134328358	0.0	0.0
0.8	0.5340909090909091	0.0	0.0
1.1111111111111112	1.8013392857142858	0.0	0.0
0.0	0.08609271523178808	0.0	0.0
0.0	0.0	0.0	0.0
0.3333333333333333	0.17177914110429449	0.0	0.0
0.0	0.030303030303030304	0.0	0.0
0.0	0.08695652173913043	0.3333333333333333	0.0
0.3333333333333333	0.30057803468208094	0.0	0.0
0.2727272727272727	0.22792022792022792	1.0	0.0
0.0	0.0	0.0	0.0
0.0	0.11688311688311688	0.0	0.0
2.4473684210526314	0.7896440129449838	0.0	0.0
1.5	1.5048543689320388	0.0	0.0
0.0	0.20527859237536658	0.0	0.0
0.5	0.11235955056179775	0.0	0.0
0.0	0.0	0.0	0.0
0.4166666666666667	0.09659090909090909	0.0	0.0
0.14285714285714285	0.5757575757575758	0.0	0.0
0.0	0.012345679012345678	0.0	0.0
0.3333333333333333	0.92	0.0	0.0
0.0	0.0	0.0	0.0
0.0	0.0	0.0	0.0
0.0	0.3717948717948718	0.0	0.0
0.0	0.0	0.0	0.0
0.75	0.24066390041493776	0.0	0.0
0.4782608695652174	0.25	0.2727272727272727	0.0
0.0	0.06840390879478828	0.0	0.0
1.5454545454545454	1.4871794871794872	0.0	0.0
0.0	0.0	0.0	0.0
0.7368421052631579	0.4796747967479675	0.0	0.0
0.0	0.0	0.0	0.0
0.2	0.07751937984496124	0.0	0.0
0.0	0.2	0.0	0.0
0.0	0.05405405405405406	0.0	0.0
2.0	1.3333333333333333	0.0	0.0
0.0	0.2	0.0	0.0
0.25	0.37373737373737376	0.0	0.0
0.0	0.0	0.0	0.0
0.1	0.21967213114754097	0.0	0.0
0.6666666666666666	0.8235294117647058	0.0	0.0
0.0	0.0	0.0	0.0
0.18181818181818182	0.19480519480519481	0.0	0.0
0.4166666666666667	0.3037974683544304	0.0	0.0
0.4	0.1023454157782516	0.0	0.0
0.0	0.11267605633802817	0.0	0.0
0.0	0.10256410256410256	0.0	0.0
0.5	0.2248062015503876	0.0	0.0
0.0	0.0	0.0	0.0
0.0	0.0	0.0	0.0
0.0	0.0	0.0	0.0
0.0	0.07142857142857142	0.0	0.0
0.0	0.0	0.0	0.0
0.0	0.16129032258064516	0.0	0.0
0.0	0.01098901098901099	0.0	0.0
0.0	0.3333333333333333	0.0	0.0
0.75	0.7457627118644068	0.0	0.0
0.5	0.2833333333333333	0.0	0.0
0.17391304347826086	0.20512820512820512	0.0	0.0
0.0	0.0	0.0	0.0
0.0	0.0	0.0	0.0
0.1111111111111111	0.19444444444444445	0.0	0.0
0.0	0.55	0.0	0.0
0.44	0.28018223234624146	0.0	0.0
0.16666666666666666	0.4702702702702703	0.0	0.0
0.0	0.0	0.0	0.0
0.14285714285714285	0.46808510638297873	0.0	0.0
0.6	0.2901023890784983	0.0	0.0
0.3333333333333333	0.1411764705882353	0.0	0.0
0.6	0.41304347826086957	0.0	0.0
0.0	0.06818181818181818	0.0	0.0
1.3636363636363635	1.1742738589211619	0.0	0.0
0.0	0.06578947368421052	0.0	0.0
0.058823529411764705	0.12830188679245283	0.0	0.0
0.0	0.09090909090909091	0.0	0.0
0.125	0.18548387096774194	0.0	0.0
0.2	0.03571428571428571	0.0	0.0
0.5	0.29850746268656714	0.0	0.0
0.6363636363636364	0.3485064011379801	0.0	0.0
0.375	0.3392070484581498	0.0	0.0
0.5	0.03125	0.0	0.0
0.0	0.025	0.0	0.0
2.611111111111111	2.5454545454545454	0.0	0.0
0.11764705882352941	0.1111111111111111	0.0	0.0
0.0	0.0	0.0	0.0
0.14285714285714285	0.127208480565371	0.0	0.0
0.6	0.4727272727272727	0.0	0.0
0.0	0.10852713178294573	0.0	0.0
0.75	0.125	0.0	0.0
0.0	0.020833333333333332	0.0	0.0
0.25	0.12295081967213115	0.0	0.0
0.0	0.0	0.0	0.0
0.0	0.3	0.0	0.0
0.3333333333333333	0.11940298507462686	0.0	0.0
0.0	0.0	0.0	0.0
0.6	0.09375	0.0	0.0
0.0	0.35714285714285715	0.0	0.0
0.14285714285714285	0.12921348314606743	0.0	0.0
0.0	0.22857142857142856	0.0	0.0
0.0	0.03773584905660377	0.0	0.0
0.0	0.0	0.0	0.0
0.0	0.0	0.0	0.0
1.0	0.7626262626262627	0.0	0.0
0.0	0.0	0.0	0.0
0.0	0.0	0.0	0.0
0.0	0.02857142857142857	0.0	0.0
0.0	0.125	0.0	0.0
0.0	0.0	0.0	0.0
1.5714285714285714	0.10828025477707007	2.0	0.0
0.0	0.0	0.0	0.0
0.46153846153846156	0.3888888888888889	0.0	0.0
0.0	0.0782608695652174	0.1	0.0
0.0	0.0	0.0	0.0
0.0	0.0	0.0	0.0
3.7333333333333334	2.442622950819672	0.16666666666666666	0.0
0.0	0.1111111111111111	0.0	0.0
0.0	0.009523809523809525	0.0	0.0
0.5	0.12571428571428572	0.0	0.0
0.0	0.0273972602739726	0.0	0.0
1.6666666666666667	0.32710280373831774	0.0	0.0
0.0	0.0	0.0	0.0
0.0	0.0	0.0	0.0
0.0	0.0	0.0	0.0
0.0	0.18181818181818182	0.0	0.0
0.0	0.053830227743271224	0.0	0.0
0.6666666666666666	0.08888888888888889	0.0	0.0
0.0	0.21428571428571427	0.0	0.0
0.0	0.05869074492099323	0.0	0.0
0.0	0.18	0.0	0.0
1.3333333333333333	0.37037037037037035	0.0	0.0
0.25	0.4675324675324675	0.0	0.0
0.0	0.12	0.0	0.0
2.8947368421052633	0.07973421926910298	0.0	0.0
0.16666666666666666	0.03418803418803419	0.0	0.0
0.5	0.02040816326530612	0.0	0.0
0.0	0.02127659574468085	0.0	0.0
0.0	0.10427807486631016	0.0	0.0
1.0476190476190477	1.2422360248447204	0.0	0.0
0.0	0.0	0.0	0.0
0.0	0.015625	0.0	0.0
0.0	0.0	0.0	0.0
0.0	0.0	0.0	0.0
0.8421052631578947	0.44407345575959933	0.0	0.0
0.0	0.0	0.0	0.0
0.19047619047619047	0.0648854961832061	0.0	0.0
0.6	0.4659090909090909	0.0	0.0
5.685714285714286	3.8667992047713717	0.5454545454545454	0.0
0.45	0.22440944881889763	0.0	0.0
0.8571428571428571	0.42105263157894735	0.0	0.0
0.0	0.0	0.0	0.0
0.3333333333333333	0.09375	0.0	0.0
0.16666666666666666	0.0	0.0	0.0
0.7142857142857143	0.31176470588235294	0.0	0.0
0.0	0.0	0.0	0.0
0.0	0.037037037037037035	0.0	0.0
0.0	0.02040816326530612	0.16666666666666666	0.0
0.0	0.1592356687898089	0.0	0.0
0.0	0.07380073800738007	0.0	0.0
1.1	0.39603960396039606	0.0	2.0
0.0	0.022222222222222223	0.0	0.0
0.0	0.0	0.0	0.0
0.6363636363636364	0.4486842105263158	0.0	1.0
0.8181818181818182	0.5311475409836065	0.0	0.0
0.37142857142857144	0.48066298342541436	0.0	0.0
0.4	0.058823529411764705	0.125	0.0
0.0	0.0136986301369863	0.0	0.0
0.0	0.0	0.0	0.0
0.0	0.05405405405405406	0.0	0.0
0.125	0.25255102040816324	0.0	0.0
0.0	0.03529411764705882	0.0	0.0
0.0	0.14921465968586387	0.0	0.0
0.0	0.3333333333333333	0.0	0.0
0.0	0.046511627906976744	0.0	0.0
0.0	0.10294117647058823	0.0	0.0
0.0	0.037894736842105266	0.0	0.0
2.6129032258064515	1.5239234449760766	0.0	0.0
0.12121212121212122	0.3466183574879227	0.0	0.0
0.4	0.14027149321266968	0.0	0.0
0.19047619047619047	0.0	0.0	0.0
0.42857142857142855	0.3774104683195592	0.15789473684210525	0.0
0.0	0.0	0.0	0.0
0.5	0.04455445544554455	0.0	0.0
0.6923076923076923	0.45161290322580644	0.4878048780487805	0.0
0.0	0.0	0.0	0.0
0.15384615384615385	0.15333333333333332	0.0	0.0
0.5	0.5625	0.0	0.0
0.3333333333333333	0.4117647058823529	0.0	0.0
0.3333333333333333	0.6909090909090909	0.0	0.0
0.0	0.0	0.0	0.0
0.2857142857142857	0.21739130434782608	0.0	0.0
0.0	0.005025125628140704	0.0	0.0
0.2	0.18181818181818182	0.0	0.0
0.0	0.0	0.0	0.0
0.0	0.125	0.0	0.0
0.2	0.07322654462242563	0.0	0.0
0.07142857142857142	0.2708333333333333	0.0	0.0
0.36363636363636365	0.46236559139784944	0.0	0.0
0.125	0.16666666666666666	0.0	0.0
0.6	0.276	0.0	0.0
0.3333333333333333	0.21875	0.0	0.0
2.625	1.1341463414634145	0.0	0.0
0.3333333333333333	0.415929203539823	0.0	0.0
0.3333333333333333	0.0	0.0	0.0
0.0	0.05154639175257732	0.0	0.0
0.0	0.15789473684210525	0.0	0.0
0.0	0.0	0.0	0.0
0.0	0.050314465408805034	0.0	0.0
0.0	0.096	0.0	0.0
0.0	0.0	0.0	0.0
0.0	0.13793103448275862	0.0	0.0
0.375	0.13333333333333333	0.0	0.0
1.0	0.4267515923566879	0.0	0.0
0.0	0.1935483870967742	0.0	0.0
0.0	0.0	0.0	0.0
0.0	0.0	0.0	0.0
0.0	0.15254237288135594	0.0	0.0
0.5789473684210527	0.23577235772357724	0.0	0.0
0.0	0.0759493670886076	0.0	0.0
0.75	0.2874251497005988	0.05263157894736842	0.0
0.0	0.02702702702702703	0.0	0.0
0.21739130434782608	0.24647887323943662	0.0	0.0
0.0	0.0	0.0	0.0
0.05	0.030555555555555555	0.0	0.0
0.14285714285714285	0.42592592592592593	0.0	0.0
0.0	0.026785714285714284	0.0	0.0
0.2	0.1638418079096045	0.0	0.0
0.16666666666666666	0.4657534246575342	0.6363636363636364	0.0
0.25	0.21875	0.16666666666666666	0.0
0.0	0.0967741935483871	0.0	0.0
1.0	0.6304347826086957	0.0	0.0
0.3333333333333333	0.8888888888888888	0.0	0.0
0.2857142857142857	0.14181818181818182	0.0	0.0
0.0	0.05226480836236934	0.0	0.0
0.0	0.0	0.0	0.0
1.16	0.6118980169971672	0.3333333333333333	0.0
1.2	0.31921824104234525	0.0	0.0
0.7	0.07792207792207792	0.0	0.0
0.0	0.06403940886699508	0.0	0.0
0.0	0.03418803418803419	0.0	0.0
0.0	0.052980132450331126	0.0	0.0
0.5	0.24096385542168675	0.0	0.0
1.5789473684210527	1.6725663716814159	0.0	0.0
0.0	0.1533980582524272	0.09090909090909091	0.0
0.26666666666666666	0.04794520547945205	0.0	0.0
0.2222222222222222	0.19736842105263158	0.0	0.0
1.2142857142857142	0.6466480446927374	0.06666666666666667	0.0
3.7777777777777777	1.855421686746988	0.0	0.0
0.8235294117647058	1.4065743944636677	0.0	0.0
0.4444444444444444	0.23053892215568864	0.0	0.0
0.0	0.0	0.0	0.0
0.0	0.0	0.0	0.0
0.0	0.0	0.0	0.0
1.2307692307692308	0.9028436018957346	0.0	0.0
0.3333333333333333	0.1111111111111111	0.0	0.0
0.3333333333333333	0.0	0.0	0.0
0.0	0.0	0.0	0.0
0.0	0.27218934911242604	0.0	0.0
0.5454545454545454	0.12539184952978055	0.0	0.0
0.0	0.027777777777777776	0.0	0.0
0.25	0.3218390804597701	0.0	0.0
0.15384615384615385	0.21581196581196582	0.0	0.0
0.0	0.1724137931034483	0.0	0.0
0.0	0.0	0.0	0.0
0.0	0.0	0.0	0.0
0.0	0.0	0.0	0.0
0.2727272727272727	0.18156424581005587	0.0	0.0
2.5	1.4252873563218391	0.0	0.0
0.0	0.08840864440078586	0.0	0.0
0.3	0.2736520854526958	0.0	0.0
0.0	0.323943661971831	0.0	1.0
0.16666666666666666	0.08040201005025126	0.0	0.0
0.75	0.17543859649122806	0.0	0.0
0.2857142857142857	0.8010471204188482	0.0	0.0
0.0	0.018633540372670808	0.0	0.0
0.0	0.0	0.0	0.0
0.1	0.06637168141592921	0.0	0.0
0.75	0.016666666666666666	0.0	0.0
0.0	0.0	0.0	0.0
1.875	0.37254901960784315	0.0	0.0
0.25	0.20270270270270271	0.0	0.0
0.0	0.1044776119402985	0.0	0.0
0.7857142857142857	0.3836978131212724	0.0	0.0
1.0	0.6571428571428571	0.0	0.0
0.0	0.05152671755725191	0.0	0.0
0.5	0.3028169014084507	0.0	0.0
1.0	1.1293103448275863	0.0	0.0
0.25	0.425	0.0	0.0
0.0	0.029197080291970802	0.0	0.0
0.06666666666666667	0.2802056555269923	0.0	0.0
0.2222222222222222	0.08409090909090909	0.0	0.0
0.0	0.125	0.0	0.0
0.25	0.06766917293233082	0.0	0.0
0.18181818181818182	0.13548387096774195	0.0	0.0
0.6	0.20945945945945946	0.0	0.0
0.0	0.21428571428571427	0.0	0.0
0.5	0.14754098360655737	0.0	0.0
0.2727272727272727	0.2813852813852814	0.0	0.0
0.0	0.10575139146567718	0.0	0.0
0.0	0.0	0.0	0.0
1.0	0.2835820895522388	0.0	0.0
0.0	0.1134020618556701	0.0	0.0
0.0	0.1415929203539823	0.0	0.0
0.0	0.38095238095238093	0.0	0.0
0.0	0.0	0.0	0.0
0.0	0.05194805194805195	0.0	0.0
0.0	0.011494252873563218	0.0	0.0
0.0	0.03470031545741325	0.0	0.0
0.75	0.631578947368421	0.0	0.0
0.0	0.03125	0.0	0.0
0.0	0.3807531380753138	0.0	0.0
0.16666666666666666	0.15384615384615385	0.0	0.0
0.07692307692307693	0.08241758241758242	0.0	0.0
2.4444444444444446	3.840909090909091	0.0	0.0
3.4615384615384617	1.151685393258427	0.0	0.0
1.0	0.4722222222222222	0.0	0.0
0.0	0.0	0.0	0.0
0.0	0.05263157894736842	0.0	0.0
0.3333333333333333	0.0196078431372549	0.0	0.0
0.0	0.022222222222222223	0.0	0.0
1.9333333333333333	0.6058091286307054	0.0	0.0
0.1	0.1223021582733813	0.0	0.0
0.375	0.2926829268292683	0.0	0.0
0.8888888888888888	0.4084507042253521	0.0	0.0
11.316455696202532	6.465393794749403	0.0	0.0
0.3333333333333333	0.07017543859649122	0.0	0.0
0.0	0.0	0.0	0.0
0.0	0.24705882352941178	0.0	0.0
0.0	0.0	0.0	0.0
1.4193548387096775	0.5355704697986577	0.0	0.0
0.0	0.038461538461538464	0.0	0.0
0.0	0.0	0.0	0.0
0.0	0.0	0.0	0.0
0.2	0.07092198581560284	1.0	0.0
0.25	0.2072072072072072	0.0	0.0
0.5	0.14285714285714285	0.0	0.0
1.1111111111111112	0.450261780104712	0.0	0.0
0.1	0.12779552715654952	0.0	0.0
0.0	0.1486810551558753	0.0	0.0
0.0	0.09375	0.0	0.0
0.0	0.4	0.0	0.0
0.0	0.0	0.0	0.0
0.0	0.0	0.0	0.0
0.16666666666666666	0.1076923076923077	0.0	0.0
1.8571428571428572	0.3056768558951965	0.0	0.0
0.0	0.34579439252336447	0.0	0.0
0.16666666666666666	0.5383177570093458	0.5	0.0
0.9166666666666666	0.6377510040160642	0.0	0.0
0.0	0.05128205128205128	0.0	0.0
0.0	0.0	0.0	0.0
1.1666666666666667	0.4143302180685358	0.5	0.0
1.7391304347826086	0.5824561403508772	0.0	0.0
1.1666666666666667	0.7528089887640449	0.0	0.0
0.0	0.05263157894736842	0.0	0.0
0.3333333333333333	0.3404255319148936	0.0	0.0
0.047619047619047616	0.052805280528052806	0.0	0.0
0.0	0.034653465346534656	0.0	0.0
0.13333333333333333	0.12453531598513011	0.0	0.0
0.5714285714285714	0.5	0.0	0.0
0.18181818181818182	0.09906542056074766	0.0	0.0
0.2857142857142857	0.26973684210526316	0.25	0.0
0.0	0.05	0.0	0.0
0.2	0.26666666666666666	0.0	0.0
1.5454545454545454	1.1724137931034482	0.0	0.0
0.6	0.5263157894736842	0.0	0.0
0.0	0.0	0.0	0.0
0.0	0.10256410256410256	0.0	0.0
0.0	0.10869565217391304	0.0	0.0
0.9545454545454546	0.36795252225519287	0.0	0.0
0.0	0.0	0.0	0.0
1.3333333333333333	0.16071428571428573	0.0	0.0
0.0	0.0	0.0	0.0
0.4	0.171875	0.0	0.0
0.0	0.0	0.0	0.0
0.11764705882352941	0.08571428571428572	0.0	0.0
0.3684210526315789	0.27467811158798283	0.0	0.0
0.0	0.11904761904761904	0.0	0.0
0.0	0.0	0.0	0.0
0.0	0.0	0.0	0.0
0.0	0.03672316384180791	0.0	0.0
0.0	0.0	0.0	0.0
0.0	0.0	0.0	0.0
1.48	1.0291666666666666	1.0	0.0
0.0	0.050359712230215826	0.0	0.0
0.0	0.0	0.0	0.0
0.5454545454545454	0.11937984496124031	0.0	0.0
1.9310344827586208	0.7916666666666666	0.0	0.0
0.1	0.07096774193548387	0.0	0.0
0.2857142857142857	0.10227272727272728	0.0	0.0
0.6363636363636364	0.5368898978433598	0.0	0.0
0.0	0.0	0.0	0.0
0.0	0.0	0.0	0.0
0.0	0.11420612813370473	0.0	0.0
0.0	0.0	0.0	0.0
0.0	0.0058823529411764705	0.0	0.0
0.42857142857142855	0.08450704225352113	0.0	0.0
0.5	0.3181818181818182	0.0	0.0
0.0	0.19480519480519481	0.0	0.0
0.0	0.05136986301369863	0.0	0.0
0.08333333333333333	0.25	0.0	0.0
0.2222222222222222	0.5384615384615384	0.0	0.0
0.9473684210526315	0.4803312629399586	0.0	0.0
0.16666666666666666	0.09523809523809523	0.0	0.0
3.58974358974359	2.506234413965087	0.0	0.0
0.9	0.15568862275449102	2.0	0.0
0.0	0.09340659340659341	0.0	0.0
0.0	0.4146341463414634	0.0	0.0
0.0	0.0	0.0	0.0
0.0	0.0	0.0	0.0
0.25	0.30120481927710846	0.0	0.7272727272727273
0.3	0.06845965770171149	0.2	0.0
2.0	0.39862542955326463	0.0	0.0
0.5909090909090909	0.2520107238605898	0.0	0.0
0.0	0.061224489795918366	0.0	0.0
0.05	0.4876543209876543	0.0	0.0
0.0	0.0	0.0	0.0
0.0	0.16666666666666666	0.0	0.0
0.5	0.07272727272727272	0.0	0.0
0.0	0.08823529411764706	0.0	0.0
0.0	0.0	0.0	0.0
0.38461538461538464	0.3333333333333333	0.0	0.0
0.42857142857142855	0.16020236087689713	0.0	0.0
0.3333333333333333	0.0	0.0	0.0
0.875	0.3763440860215054	0.0	0.0
0.5	0.23076923076923078	0.0	0.0
5.1891891891891895	6.210843373493976	6.346153846153846	0.0
0.0	0.0	0.0	0.0
0.0	0.13333333333333333	0.0	0.0
1.7777777777777777	1.8967136150234742	0.0	0.0
0.0	0.0	0.0	0.0
0.0	0.032904148783977114	0.0	0.0
0.0	0.025423728813559324	0.0	0.0
0.10526315789473684	0.18241042345276873	0.0	0.0
0.0	0.22727272727272727	0.0	0.0
0.16666666666666666	0.0	0.0	0.0
0.0	0.0	0.0	0.0
0.0	0.0	0.0	0.0
3.8333333333333335	3.0576923076923075	0.0	0.0
2.8863636363636362	0.7714285714285715	0.0	0.0
0.0	0.21428571428571427	0.0	0.0
0.0	0.05333333333333334	0.0	0.0
0.0	0.07042253521126761	0.0	0.0
0.0	0.0	0.0	0.0
0.3333333333333333	0.07547169811320754	0.0	0.0
1.75	0.8609271523178808	0.0	0.0
0.047619047619047616	0.08823529411764706	0.0	0.0
0.25	0.25	0.0	0.0
0.0	0.0	0.0	0.0
0.5	0.34210526315789475	0.0	0.0
0.5714285714285714	0.2823529411764706	1.5	0.0
0.5	0.3466666666666667	0.0	0.0
0.14285714285714285	0.3026315789473684	0.0	0.0
0.14285714285714285	0.13225806451612904	0.0	0.0
0.0	0.0	0.0	0.0
0.0	0.183206106870229	0.0	0.0
0.0	0.011764705882352941	0.0	0.0
0.15789473684210525	0.8702702702702703	0.0	0.0
0.0	0.036036036036036036	0.0	0.0
0.0	0.0	0.0	0.0
0.0	0.1875	1.0	0.0
0.0	0.0	0.0	0.0
0.0	0.058823529411764705	0.0	0.0
0.0	0.24545454545454545	0.0	0.0
0.0	0.0	0.0	0.0
0.0	0.0	0.0	0.0
0.0	0.12987012987012986	0.0	0.0
0.16666666666666666	0.3116883116883117	0.0	0.0
0.7142857142857143	0.3620689655172414	0.0	0.0
1.0	0.11764705882352941	0.3333333333333333	0.0
0.0	0.06666666666666667	0.0	0.0
1.0	0.47318611987381703	0.0	0.0
0.0	0.0	0.0	0.0
1.2380952380952381	0.1691542288557214	0.0	0.0
0.75	0.41935483870967744	0.0	0.0
0.6818181818181818	0.7372262773722628	0.0	0.0
0.0	0.0	0.0	0.0
0.0	0.0	0.0	0.0
0.3333333333333333	0.14285714285714285	0.0	0.0
2.7222222222222223	1.36986301369863	0.0	0.0
0.0	0.14814814814814814	0.0	0.0
0.125	0.11394891944990176	0.0	0.0
0.0	0.0	0.0	0.0
0.0	0.0	0.0	0.0
0.46153846153846156	0.584070796460177	1.0	0.0
3.2777777777777777	2.1864406779661016	0.0	0.0
0.16666666666666666	0.0625	0.0	0.0
0.0	0.0	0.0	0.0
0.0	0.06818181818181818	0.0	0.0
0.0	0.07042253521126761	0.0	0.0
0.0	0.047619047619047616	0.0	0.0
0.16666666666666666	0.2814814814814815	0.0	0.0
0.14285714285714285	0.5534246575342465	0.0	0.0
0.6363636363636364	0.08561643835616438	0.0	0.0
0.25	0.1511627906976744	0.0	0.0
3.6875	5.572504708097928	0.0	0.0
0.0	0.0	0.0	0.0
2.3125	0.9512195121951219	0.0	0.0
0.0	0.0	0.0	0.0
0.0	0.09090909090909091	0.0	0.0
0.8333333333333334	0.8129032258064516	0.0	0.0
2.3448275862068964	0.6482558139534884	0.0	0.0
0.45454545454545453	0.38372093023255816	0.0	0.0
0.0	0.023529411764705882	0.0	0.0
0.0	0.037037037037037035	0.0	0.0
0.3333333333333333	0.4666666666666667	0.0	0.0
0.0	0.032388663967611336	0.0	0.0
0.10526315789473684	0.23978201634877383	0.0	0.0
0.0	0.0	0.0	0.0
0.0	0.0	0.0	0.0
0.35294117647058826	0.5182608695652174	0.0	0.0
0.0	0.022727272727272728	0.0	0.0
0.30120481927710846	0.43308550185873607	1.75	1.0
0.3333333333333333	0.045454545454545456	0.0	0.0
0.0	0.043824701195219126	0.0	0.0
0.5	0.48823529411764705	0.6666666666666666	0.0
0.0	0.0	0.0	0.0
1.0	0.0304093567251462	0.0	0.0
0.25	0.06060606060606061	0.0	0.0
0.0	0.2222222222222222	0.0	0.0
0.9	0.5466666666666666	0.0	0.0
0.1	0.11290322580645161	0.0	0.0
0.5714285714285714	0.4462809917355372	0.0	0.0
0.1	0.14388489208633093	0.0	0.0
0.2	0.07462686567164178	0.0	0.0
0.42857142857142855	0.14853358561967833	0.0	0.0
0.0	0.3391812865497076	0.0	0.0
1.0476190476190477	0.171875	0.0	0.0
0.25	0.09411764705882353	0.0	0.0
0.75	0.1568627450980392	0.3333333333333333	0.0
0.36666666666666664	0.21303258145363407	0.0	0.0
0.0	0.023622047244094488	0.0	0.0
0.14285714285714285	0.3104693140794224	0.0	0.0
0.375	0.16153846153846155	0.0	0.0
0.0	0.15	0.0	0.0
0.18181818181818182	0.23414634146341465	0.0	0.0
0.25	0.10309278350515463	0.0	0.0
1.7777777777777777	0.47417840375586856	0.0	0.0
0.0	0.0	0.0	0.0
1.435897435897436	1.2363861386138615	0.0	0.0
1.4545454545454546	0.3470790378006873	0.2	0.0
0.0	0.08064516129032258	0.0	0.0
0.2	0.24242424242424243	0.0	0.0
1.375	0.5138888888888888	0.0	0.0
0.21052631578947367	0.1388888888888889	0.0	0.0
0.0	0.0	0.0	0.0
0.0	0.28	0.25	0.0
0.0	0.0	0.0	0.0
0.0	0.013157894736842105	0.0	0.0
0.1111111111111111	0.15348837209302327	0.0	0.0
0.25	0.4875	1.0	0.0
0.5	0.11704834605597965	0.0	0.0
0.0	0.0	0.0	0.0
1.0	0.1796875	0.0	0.0
0.5454545454545454	0.5901639344262295	0.0	0.0
0.0	0.16666666666666666	0.0	0.0
0.2	0.2805755395683453	0.0	0.0
0.0	0.0	0.0	0.0
0.7058823529411765	0.37333333333333335	0.0	0.0
0.125	0.03007518796992481	0.0	0.0
0.0	0.0	0.0	0.0
0.36	0.2236024844720497	0.0	0.0
0.0	0.059670781893004114	0.0	0.0
0.6111111111111112	0.5257142857142857	0.0	0.0
0.0	0.012658227848101266	0.5	0.0
0.16666666666666666	0.1870967741935484	0.0	0.0
0.0	0.0	0.0	0.0
0.0	0.0	0.0	0.0
0.0	0.058823529411764705	0.0	0.0
0.0	0.0	0.0	0.0
0.36363636363636365	0.21621621621621623	0.0	0.0
0.9622641509433962	0.8503184713375797	0.0	0.0
0.8888888888888888	0.17073170731707318	0.0	0.0
0.3125	0.2907801418439716	0.0	0.0
0.0	0.10784313725490197	0.0	0.0
0.3333333333333333	0.4375	1.3333333333333333	0.0
0.25	0.0898876404494382	0.0	0.0
1.5	0.5434782608695652	0.0	0.0
0.0	0.010256410256410256	0.0	0.0
0.08333333333333333	0.1556420233463035	0.0	0.0
0.0	0.04861111111111111	0.0	0.0
0.1111111111111111	0.11442786069651742	0.0	0.0
0.0	0.0	0.0	0.0
0.4	0.1975642760487145	0.09523809523809523	0.0
0.0	0.15	0.0	0.0
0.0	0.09289617486338798	0.0	0.0
0.6	0.20335820895522388	0.0	0.0
0.14285714285714285	0.12087912087912088	0.0	0.0
0.0967741935483871	0.19626168224299065	0.2222222222222222	0.0
0.5555555555555556	0.1151219512195122	0.0	0.0
1.9230769230769231	0.20512820512820512	0.0	0.0
0.0	0.0	0.0	0.0
0.0	0.23772609819121446	0.0	0.0
0.0	0.0	0.0	0.0
0.0	0.0	0.0	0.0
1.1818181818181819	0.4235294117647059	0.0	0.0
0.125	0.19672131147540983	0.0	0.0
0.0	0.007326007326007326	0.0	0.0
0.0	0.0	0.0	0.0
0.5	0.8333333333333334	0.0	0.0
0.0	0.08823529411764706	0.0	0.0
0.0	0.08695652173913043	0.0	0.0
0.1111111111111111	0.11764705882352941	0.0	0.0
1.8461538461538463	0.6844262295081968	0.0	0.0
0.0	0.027070063694267517	0.0	0.0
0.5	0.27586206896551724	0.0	0.0
0.1	0.07668711656441718	0.0	0.0
0.3333333333333333	0.38317757009345793	0.0	0.0
0.1111111111111111	0.10074626865671642	1.0	0.0
0.0	0.16666666666666666	0.0	0.0
2.176470588235294	1.474025974025974	0.0	0.0
0.3333333333333333	0.3651315789473684	0.5217391304347826	0.0
0.0	0.0	0.0	0.0
4.131578947368421	0.9551337359792925	0.75	0.0
0.0	0.0	0.0	0.0
0.2	0.29333333333333333	0.0	0.0
0.0	0.10526315789473684	0.0	0.0
0.3333333333333333	0.12380952380952381	0.0	0.0
0.16666666666666666	0.20967741935483872	0.3333333333333333	0.0
0.16666666666666666	0.2484472049689441	0.0	0.0
0.0	0.08029197080291971	0.0	0.0
0.3333333333333333	0.26666666666666666	0.0	0.0
0.3333333333333333	0.03767123287671233	0.0	0.0
0.16666666666666666	0.08403361344537816	0.0	0.0
0.0	0.0	0.0	0.0
0.0	0.0	0.0	0.0
0.0	0.08055555555555556	1.0	0.0
1.0	0.07894736842105263	0.0	0.0
0.1111111111111111	0.2631578947368421	0.0	0.0
0.0	0.3333333333333333	0.0	0.0
0.0	0.0	0.0	0.0
0.0	0.014084507042253521	0.0	0.0
0.5714285714285714	0.2878787878787879	0.13333333333333333	0.0
0.14285714285714285	0.07707910750507099	0.0	0.0
2.0	0.1	0.0	0.0
2.372549019607843	2.4402852049910875	0.0	1.6
0.0	0.2708333333333333	0.0	0.0
0.7333333333333333	0.7741573033707865	0.0	0.0
1.6136363636363635	2.8171091445427727	0.0	0.0
5.446153846153846	3.1691542288557213	0.0	0.0
0.0	0.0380952380952381	0.0	0.0
0.6111111111111112	0.4553014553014553	0.0	0.0
0.18181818181818182	0.1534090909090909	0.0	0.0
0.0	0.0	0.0	0.0
0.5714285714285714	0.18924731182795698	0.0	0.0
0.10526315789473684	0.5	0.0	0.0
0.125	0.1187648456057007	0.0	0.0
0.3076923076923077	0.47649572649572647	0.0	0.0
0.0	0.0	0.0	0.0
0.25	0.1111111111111111	0.0	0.0
0.0	0.02247191011235955	0.0	0.0
0.4	0.312	0.0	0.0
0.5	0.4375	0.0	0.0
0.0	0.17647058823529413	0.0	0.0
0.07692307692307693	0.15714285714285714	0.0	0.0
0.0	0.0	0.0	0.0
0.25	0.16666666666666666	0.0	0.0
0.125	0.11797752808988764	0.0	0.0
0.3333333333333333	0.10365853658536585	0.0	0.0
0.0	0.0891089108910891	0.0	0.0
0.25	0.42035398230088494	0.0	0.0
0.6	0.20253164556962025	0.0	0.0
0.26666666666666666	0.5596638655462185	0.0	0.0
0.0	0.022727272727272728	0.0	0.0
0.2857142857142857	0.13186813186813187	0.0	0.0
0.7777777777777778	0.17037037037037037	0.0	0.0
0.0	0.03571428571428571	0.0	0.0
0.125	0.14917127071823205	0.0	0.0
0.0	0.02702702702702703	0.0	0.0
0.25	0.9285714285714286	0.0	0.0
2.0	0.8732394366197183	0.0	0.0
0.125	0.09780775716694773	0.3181818181818182	0.0
0.0	0.0	0.0	0.0
0.16666666666666666	0.2	0.0	0.0
0.0	0.0	0.0	0.0
2.3333333333333335	0.42450142450142453	0.0	0.0
0.25	0.42424242424242425	0.0	0.0
0.2	0.1111111111111111	0.0	0.0
0.375	0.08040201005025126	0.0	0.0
1.1818181818181819	0.7587939698492462	0.0	0.0
4.785714285714286	2.4130434782608696	0.0	0.0
0.16666666666666666	0.41706161137440756	0.0	0.0
0.06666666666666667	0.23841059602649006	0.0	0.0
0.0	0.19298245614035087	0.0	0.0
0.4444444444444444	0.4930875576036866	0.0	0.0
0.0	0.03333333333333333	0.0	0.0
0.6923076923076923	0.33766233766233766	0.0	0.0
0.0	0.2236842105263158	0.0	0.0
0.22727272727272727	0.18487394957983194	0.0	0.0
0.5	0.6551724137931034	0.0	0.0
0.0	0.07608695652173914	0.0	0.0
0.0	0.0	0.0	0.0
1.3448275862068966	0.5377574370709383	0.0	0.0
0.0	0.17985611510791366	0.0	0.0
0.0	0.0	0.0	0.0
1.5151515151515151	2.1549295774647885	0.0	0.0
0.2857142857142857	0.20118343195266272	0.0	0.0
1.0	0.37037037037037035	0.0	0.0
0.42857142857142855	0.6761904761904762	0.0	0.0
0.0	0.017543859649122806	0.0	0.0
0.3333333333333333	0.40476190476190477	0.0	0.0
0.21428571428571427	0.14025974025974025	0.0	0.0
1.1	0.625	0.0	0.0
2.4166666666666665	1.911764705882353	0.0	0.0
0.3333333333333333	0.08064516129032258	0.0	0.0
0.0	0.08849557522123894	0.0	0.0
0.125	0.10666666666666667	0.0	0.0
0.0	0.0	0.0	0.0
0.3333333333333333	0.2732732732732733	0.0	0.0
1.6	0.6509635974304069	0.0	0.0
0.6	0.02857142857142857	0.0	0.0
0.5	0.6166666666666667	0.0	0.0
0.0	0.037037037037037035	0.0	0.0
0.0	0.01694915254237288	0.0	0.0
0.047619047619047616	0.13559322033898305	0.07692307692307693	0.0
0.0	0.0	0.0	0.0
0.5	0.14222222222222222	0.0	0.0
0.0	0.20610687022900764	0.0	0.0
0.36363636363636365	0.355	0.0	0.0
0.2	0.04854368932038835	0.0	0.0
0.0	0.0	0.0	0.0
0.0	0.03676470588235294	0.0	0.0
3.0625	1.6170886075949367	0.0	0.0
0.0	0.0	0.0	0.0
0.0	0.0	0.0	0.0
0.0	0.75	0.6666666666666666	0.0
0.0	0.0	0.0	0.0
0.1	0.20434782608695654	0.0	0.0
0.0	0.0	0.0	0.0
1.5454545454545454	0.37393767705382436	0.0	0.0
0.0	0.17266187050359713	0.4666666666666667	0.0
0.25	0.3888888888888889	0.0	0.0
0.5263157894736842	0.456575682382134	0.0	0.0
0.375	0.20652173913043478	0.0	0.0
0.25	0.141643059490085	0.5	0.0
0.25	0.11688311688311688	0.0	0.0
0.2	0.19886363636363635	0.0	0.0
0.0	0.0	0.0	0.0
0.0	0.04950495049504951	0.0	0.0
0.0	0.08888888888888889	0.0	0.0
0.5	0.5952380952380952	0.0	0.0
0.0	0.05421686746987952	0.0	0.0
0.25	0.15384615384615385	0.0	0.0
0.5	1.1304347826086956	0.0	0.0
0.0	0.0	0.0	0.0
0.8125	0.26244343891402716	0.0	0.0
0.25	0.056338028169014086	0.0	0.0
1.6666666666666667	0.20390070921985815	0.0	0.0
1.0	1.1363636363636365	0.0	0.0
0.0	0.0	0.0	0.0
0.125	0.13930348258706468	0.0	0.0
1.2307692307692308	0.5066079295154186	0.0	0.0
0.0	0.1111111111111111	0.0	0.0
0.0	0.12018140589569161	0.0	0.0
0.125	0.06363636363636363	0.0	0.0
0.42857142857142855	0.9084507042253521	0.0	0.0
0.0	0.0	0.0	0.0
0.0	0.047619047619047616	0.0	0.0
1.0	0.2571428571428571	0.0	0.0
0.5714285714285714	0.32673267326732675	1.0	0.0
1.1875	0.8084291187739464	1.2272727272727273	0.0
0.0	0.19245283018867926	0.0	0.0
0.0	0.1346153846153846	0.0	0.0
0.3333333333333333	0.10285714285714286	0.0	0.0
0.0	0.0	0.0	0.0
0.0	0.0	0.0	0.0
0.0	0.05	0.0	0.0
0.0	0.0625	0.0	0.0
0.0	0.01293103448275862	0.0	0.0
0.0	0.0	0.0	0.0
0.25	0.15384615384615385	0.0	0.0
0.16666666666666666	0.6144578313253012	0.0	0.0
0.2222222222222222	0.38285714285714284	0.0	0.0
0.5714285714285714	0.36923076923076925	0.0	0.0
3.25	0.4595744680851064	1.4	0.0
0.0	0.08620689655172414	0.0	0.0
0.09090909090909091	0.432	0.4375	0.0
0.0	0.0	0.0	0.0
0.0	0.0688836104513064	0.0	0.0
0.0	0.1111111111111111	0.0	0.0
0.0	0.0	0.0	0.0
0.6	0.3193548387096774	0.0	0.0
0.0	0.0	0.0	0.0
0.0	0.0	0.0	0.0
0.16666666666666666	0.6666666666666666	0.0	0.0
1.7727272727272727	0.8888888888888888	0.0	0.0
0.3333333333333333	0.625	0.0	0.0
0.75	0.3275862068965517	0.0	0.0
0.0	0.050980392156862744	0.0	0.0
2.0	1.4	0.0	0.0
0.23076923076923078	0.1634980988593156	0.0	0.0
0.4444444444444444	0.27522935779816515	0.0	0.0
1.3	1.7466666666666666	0.0	0.0
0.5	0.14666666666666667	0.0	0.0
0.0	0.0	0.0	0.0
0.3103448275862069	0.3436619718309859	0.42105263157894735	0.0
0.0	0.11428571428571428	0.0	0.0
0.0	0.08955223880597014	0.0	0.0
0.5714285714285714	0.20710659898477157	0.0	0.0
0.6666666666666666	0.5472972972972973	0.3125	0.0
0.1	0.1917808219178082	0.0	0.0
2.7291666666666665	4.276106194690265	1.125	0.0
0.7777777777777778	0.32558139534883723	0.0	0.0
0.6666666666666666	0.5660377358490566	0.0	0.0
0.2	0.14396887159533073	0.0	0.0
0.7777777777777778	0.5957446808510638	0.0	0.0
0.0	0.025806451612903226	0.0	0.0
0.1	0.6986301369863014	0.0	0.0
4.928571428571429	0.8895348837209303	0.0	0.0
0.5	0.5121951219512195	0.0	0.0
0.07692307692307693	0.12323943661971831	0.0	0.0
0.2857142857142857	0.3181818181818182	0.0	0.0
0.5	0.32786885245901637	0.0	0.0
0.6	0.13025210084033614	0.0	0.0
0.06666666666666667	0.34684684684684686	0.25	0.0
0.0	0.056338028169014086	0.0	0.0
0.0	0.0	0.0	0.0
0.0	0.0	0.0	0.0
0.6666666666666666	0.12307692307692308	0.0	0.0
0.0	0.04046242774566474	0.0	0.0
0.0	0.07049608355091384	0.0	0.0
0.25	0.07470288624787776	0.0	0.0
0.6842105263157895	0.33204633204633205	0.0	0.0
1.2857142857142858	1.0754716981132075	0.0	0.0
0.0	0.09090909090909091	0.0	0.0
0.3	0.07246376811594203	0.0	0.0
2.8947368421052633	0.35359116022099446	0.0	0.0
0.0	0.047619047619047616	0.0	0.0
0.2727272727272727	0.10738255033557047	0.0	0.0
0.0	0.05504587155963303	0.0	0.0
0.0	0.039586919104991396	0.0	0.0
0.0	0.0	0.0	0.0
0.15789473684210525	0.5	0.0	0.0
0.14285714285714285	0.06464646464646465	0.0	0.0
0.25	0.3173076923076923	0.0	0.0
1.5714285714285714	1.2651757188498403	0.0	0.0
0.0	0.02702702702702703	0.0	0.0
0.0	0.10714285714285714	0.0	0.0
1.2	0.2857142857142857	0.0	0.0
0.42857142857142855	0.395112016293279	0.14285714285714285	0.0
1.6923076923076923	0.18345864661654135	0.3333333333333333	0.0
0.0	0.02	0.0	0.0
1.8333333333333333	1.264516129032258	3.0	0.0
0.125	0.17509727626459143	0.0	0.0
0.0	0.0	0.0	0.0
0.0	0.0	0.0	0.0
0.0	0.0	0.0	0.0
1.5454545454545454	1.5434782608695652	0.0	0.0
0.0	0.0	0.0	0.0
0.0	0.11428571428571428	0.0	0.0
0.0	0.0392156862745098	0.0	0.0
1.1538461538461537	0.5336134453781513	0.0	0.0
2.176470588235294	0.25949367088607594	0.0	0.0
0.5	0.12903225806451613	0.0	0.0
1.3043478260869565	0.987460815047022	0.0	0.0
0.0	0.0	0.0	0.0
0.0	0.14285714285714285	0.25	0.0
0.0	0.0	0.0	0.0
0.0	0.0	0.0	0.0
0.0	0.0	0.0	0.0
1.0	0.9105914718019257	0.0	0.3333333333333333
0.038461538461538464	0.0	0.0	0.0
2.772727272727273	1.9075342465753424	0.0	0.0
0.0	0.0	0.0	0.0
0.0	0.0	0.0	0.0
1.3888888888888888	0.5794504181600956	1.0	0.0
0.0	0.1310344827586207	0.0	0.0
0.1111111111111111	0.0897571277719113	0.0	0.0
0.48148148148148145	0.33633633633633636	0.0	0.0
0.1	0.13541666666666666	0.0	0.0
0.18181818181818182	0.10550458715596331	0.0	0.0
0.2608695652173913	0.5289256198347108	0.0	0.0
0.0	0.0	0.0	0.0
2.0416666666666665	1.0186666666666666	0.0	0.0
1.0555555555555556	0.25888324873096447	0.0	0.0
4.380952380952381	2.8455882352941178	0.0	0.0
0.0	0.0	0.0	0.0
1.255813953488372	1.3385416666666667	0.0	0.0
0.0	0.10526315789473684	0.0	0.0
0.0	0.0	0.0	0.0
0.0	0.025974025974025976	0.0	0.0
0.0	0.0	0.0	0.0
0.75	1.1666666666666667	0.0	0.0
