11535250	16463
9842500	7380,10908,25086,19048
11894500	24009
9179500	12220,27637,17629
12173500	21110,28370,15405,1325,3627,554
3363000	18868,15315
2331750	7179,19539,27179,8628
1194750	27052,6543,7827,20551,25169,679,5306,4059,12737,7400,24669
6872750	20393
5654000	4571,5896
11947000	28967,2322,24417,15233
10944750	28752
10297000	25058
7687500	6737,12182,13853,28625,16453,619,14498,3787,14603,12364,7868,19574,5369
6126750	25169,15019,25117
6571750	16540,5661,155
10095000	16624
12154500	7868
7703750	8278,18868,7542,527,18075,3651,22908,18730
11137750	24869,19891,12068,934,24669,22447
5407750	16373
3216500	28992,2963
8324500	9848
11794250	29099
5751500	19680,24878,25488,5336,11679
393250	13093,20154,22306
1247000	25635
691500	239,6080,15390,29445,27912,14554,28641,8764,14498,20661,23013
12008000	4960,24274,17647,25618
8701250	1884
418500	15138
4809750	23884
5962750	5151,9640,16800,5803
573000	18868,19615
5293250	3995
892500	10306
2768250	23421
8573000	28049
1528500	26546,28370,7248,23774
2852250	11682,21706
9352750	17133,28759,18075
10257500	4281,10893
7367000	17945,143,20297,11083,13607,21336
847750	28169,12728,21684,18024
4454500	27117,15019,26699
2874500	28370,7868,3047
6458250	7692,22280,27205,23475
10047250	3555,12132
10052000	22126,11696,143
11625250	18990
8757750	26288,24601
19500	20551
266500	9657
11896000	16564
848500	259,23628,7286
5828250	4808,9031
4844000	5598,7868,28362
9351750	28930,14580,17921
3751500	10193,20300,23284,28411
9513250	20800
252500	18544,23656,6199
9906500	155,23656,28411,8689
10774750	1577,14942
1086750	18977,1084,7868
4716750	29202,8511,13784,2963
11046750	7169
4967250	28391
9628250	18024
2807500	27117,11329
7854500	7552,4949,527
776750	12717,26699
11936000	13020
4304250	24929,16846,679,7868,10999
5440500	17945,25272
3031750	18388,14020,18131,12977,16110
4195500	9802,18097
9437500	7208,15718
9720000	13830
2103250	25219,11022,28855,4220,7567
3245250	23878
2752000	22179,19405,3032,3313,26728,14074,5667,5043,27906,11679
8435250	23896,18730
5780000	1000,471,11022,15315,2173,27257,17061
6380000	20327
11579750	15217,8410,12688
11552750	23448
1517000	4808,27205,7208,15086,16302
4895250	1335
9215000	8651,14294
11949750	6571,13554
8070000	29197
1381000	29099
11300000	2963
11283500	12220
7322250	23861
1727500	4452,3228
2033500	712,8689
2050000	5620,17960,18996,5306,26866,11022,15231,21659
4902250	8207
7657250	29445,2043
11564250	9140,1831
5754500	28752,23214,14020,10282,14784,25618
8170750	1966
1579250	25424,4078
6497000	7927
11632250	25022
5726500	23465,13779
11984750	3627
5898500	23433,7105
4963500	16572,21092,15534,18002
5155750	14661
6233750	10678
12027000	2322
3344750	27427,28524,8805,3313,1771,11022
2078000	7622,17752
7269750	19475
4063000	19974
2200750	9315
4047000	7208,29446,3983
3054250	5448,12285
200250	25570
4259500	29099,11018
3096750	15315,11541
3524750	4808,4491,26871
2168250	7868
7588000	7105
439000	26404
3581250	28411
764000	18990
3188000	18025,26618,16463
2704750	13592
1110750	3458
4625750	17945,1000,11734,24869,22749,26000,24471,17882,22321,14482,29197,10570
4631250	29099,20896
6904000	9111
563500	23928,10778
1025250	13247
7785250	11790
11220500	11431,12285
38250	10051,14265
3249250	26394
10609250	5330
11121500	13049,15799,8530
6766250	9109
11972750	954,21693
1446250	23482,20297
4809000	22211
5143250	23549,20411
10653250	20180
3317500	7105
11129250	949
434750	4571,6104,19973,19394
9076750	18575,17748
2198750	13054,9250
11340250	26973
10756500	14942
4680000	16463
3288250	6395
3742000	23656,13020
1782250	155,24460
3304500	4931,29099,25169,8219,17228,3804,24461
1561250	22973,24307,17706,12352,21511
2378500	10014,12886,14795,26619,19974,23774,2669
4184250	4949,241
6619500	21067
1832000	10916,25687
5108000	23628,14020,4254
5812000	2683
1620500	23735,28774,1195,5833
11142000	17407
8156500	6951,19974,6447,4078
965500	26378
3148500	28561,16217,22126,7620,12795,4762
1140750	14261,6741,7868
5238000	21833
6247250	15814,25618
10224750	21393,11679
3520000	1700,23409,9563,28065,7105
5491500	25989,20803
2386250	948,7061
4533750	10908
6571000	27052,4254
8628250	20979,28481
3226500	22240
10064500	22583,29099,8269
5279750	2368
1758250	6571,3091,28481
7323750	27019
745750	24869,21071
10112000	6839
9782000	7248
6272000	17400,2803,12055
3293750	26523
8060000	18024,19882
69500	15315,10646,18730
1074750	22556,12220
5024500	9802,21110,13888
8243500	4931,24869
12004000	18683,15307
10628500	12159,27791,3324,18075,12013,13784
3114000	23928,21092,20536
8523250	25500,7827
7163250	26595,20154
8111500	12790,11018
6412750	3719,7208,12666
3846250	16722,15584,8719,11679
11874000	10014,4510,1282,13844,4220,18180
8845250	23928,16722,22484,554,17214
4850000	614,12512
10309250	11734,18996,15192,14942
8528750	15315
3913250	5845,13240
1629250	29099,18024,19891,21392,24601,9120
1971500	11000,22043,7230,8316
8940500	251,13784
3903500	15514,1392
9035750	17977,27052,18544,18024,25618,17732
6257000	16540,11849,22749,23628,23563,14795,21071,12285
3266750	5416
10401500	13258,27791,12189
1710500	28065,14780
12015000	26900,5176,15138,22240
6957500	1065,22029,27448,12754
1661750	9802,1731,3151,14020,22342,3324
11111500	4216
6150750	15831,17429,4835
10966250	251,17087
11339250	6828
7016500	26546
6780500	10893,25676
232000	21865
7892000	1530
11391250	28924
65500	29202,21840
3675000	14292,15024
3625250	21372
8529750	9702
2891500	8027,3627
4317250	15159
3590000	28924,7567
11313000	11018
11494250	11196,8676
4503500	11936
8145500	21883,18124
10261750	8278,14261,23896,23628,5285,17061
11939000	23260
6874250	12747,11080,13483,12168,14265
5847500	21865,29505,28504
9288000	11328
11730000	12914,1446,471,18523
8129250	16323,28617
3168000	3082
9972250	15138
1622500	18771
5539250	155,24258,18075,7868,11983,8689
10069500	15322,8637,7868
6234000	21372,17020,12438,16463
8822250	18013,17483
4658500	17453
9394500	16540,8965,14588,29472,29099,14533,26712
3799500	21768
6301250	14292,574,14942,11543,8689
8049000	3850,20979,4582,17664,1704
1806750	26394,20701
12384250	3658
10229250	22179,24869,24541,8689,23774
1118250	10970,19096,3068,14794,26665
4257000	27625
2448250	24669
8949750	17438,21962,16818
10773000	11889,2999,2257
8799750	12018,20826
2187500	23628
12204750	6571,7963
9586500	8860,24601
2182750	18808
4215750	9340,11391,26127,21085,15302
10592750	13093
2316250	9688,18180,10948
11307500	20300
4782250	5724,27791,9658,10778
791500	16606,8738,20297,24831,21050,23492,14712,10329
4054000	20121
4037500	14523
1699500	24715,16716
8040000	239,15138,17084,12994,23285,13872,11018
3010000	4220
3549000	5184
6998500	201
7435500	7975
10768750	19993
10000250	6171,28256
7476250	29099
10642000	5053,21334,16754,27625,25427,7567,10999,251,26728,23831,7576,9782,1966,20536
12229000	17389
731750	9195,7692
10588000	9295,14020
6921750	19197
4153000	21865,26523,14942,22621,17835
2688750	155,3181,22749,15721,3774,1739
1969000	12220
6897000	18544,7626,24177
10818500	5334,1038
10598500	155,9563,7105,14165,24385
12028500	18496,16540,13390,11196,21975,21392
1793250	2033
7699500	13592,9802,26127,1546,23698,5848
3350250	3384,18736,25420,1672,3409
3952000	25917,29099,2128,13998,21844,4648
12231250	27155,24274,28149
10492250	20045,28752,12606
6564500	11176,21950,12977
746000	21865,6571,155,7105
9706000	6364,13765,849,22094,6740,25933,29099,20297,12168,9612,23340,742
6852750	7208,4949,27906
3009000	14695,11000,19014,8724,7230,22393,12327,15019,12964,21840,28347,17732,5627,28411
12275500	7572,23134
2870250	14020,17606,29363,8327
448250	15911
7103000	23662,15019,15423,12586
4922750	18013,2669
7269250	26180
3719250	4960
6683750	17945,5267,29551,10169
9716500	28065,6908
621500	6326
5742000	25248,22307
7375000	11201,11857
8314250	11196,25933,4626,27618
11321750	22880,12358,13745,4238,4294,4262,28481,21672,10879,21684,27205,6242,9906,19891
5170500	6096,17581
9163000	6571,23475
2968250	14273,11624,16463
599750	20297,12285
4059500	12159,16463
1492500	24886
2492500	20979
9173750	16540,13784
1904750	23928,27314,9138
9512750	27205,4239,19903
3089500	1917
145750	11578
3644250	14661,7230,17781,4381
3014750	2353,7868,18558
6807250	22393,5712,10646
10521000	18612,7868
1240250	20297,18392
981000	14153,14020
9199500	24969,29099
1792000	16540,23214,9301,20630
11527500	16884
5901250	14575,12606
12371000	17514,23896,2254,25086,25570,12737,11543,8628,11776,17767
7190750	9413,14526,27791
4115500	6731,14470
299750	24601
5012750	5053,10893,11196,13020,2208,14818,8799,1335,5043
799000	29099,3555,24553,25839
7927750	15065
10578000	13778,14073,26523,20896
154500	5863,13830,8689
9685000	17032,3185
11701500	4281,16481,4366
1812000	11196
9039750	1293,14580
8195000	8943,11080,21672
415500	23164
1525000	11196,2257
4712250	18388,20902
7545250	14381
5254500	12717,25488,15478,7868,21672,24601
10443000	23628,19466,13460,14482,10570
1063000	22280,24929,22749,24196,20551,15019,530,14165,28481
3310750	14952,24083,23774
4073250	22836,17153,27415
861750	23284
2788750	18515,10702,11431,11176
3795000	29099
3211250	11076,7173
1074500	16602,12606
4907500	8965,11196,11060,8775,5712,6374
620500	21840,934,10646
2428500	17153
10654750	12212
11683250	12541
1688750	3145,12220,7248
472000	6211,25333,3515,23584
10539250	1461
10696000	11022
140500	23779,14625,3627,10480,18730
5248750	28924,27035
9802000	5883,24601
8555500	25372
2940000	11767,11272
1459000	6147
8102000	768
6299000	25830
11169500	10014
12239250	25618
10533750	17945,14261,13451,19974,24601
10322250	18575,1731,10702
8160750	18529,15308,17641,3958
6848750	21336
5110750	8414,25793,1739,3324
10234000	10970,14261,25086,19402,15019,28653,9111
10054250	4667,19660
8123500	1591
8280500	19,16674,17972
7568750	12285
5354000	10014
11957000	21078,23907,21995
6155250	5015,4220,27653
528250	155,8693,2963
1181250	8339
9394250	29203,19014,17087,14894
3849750	9549
5915250	15138
9069000	19937,24534,3677,22393,11456,28017,15302
3282250	11857
5693000	21899
4370750	23628,15638
6003750	5053,4750,23628,7737,10726,7868,26618,12285
12215000	8637,14942
2138750	14120
4770500	4808,5797,2610,20297
8163500	18868
5226250	24669,8689
4376250	28368,21225,27407,8689
9651250	1598,26754
1319000	5797,599,10449
10212500	24081,15959,24788
7600250	24869,3228
9436000	504
4475750	13592,259,3719,19113,20551,4949,2227,20536,23774
11131750	882,29472
9079500	25272,4691,15741,24447,7208,11022,27314,7868
4547500	8257
5037000	14796,27508,27791,7868
8216500	25308,3746,14159
5256500	614
12234750	26736,10176
10713250	11220
9121750	15946,21838,19974
309750	15365,4545
1244250	4324,28183
5078750	7260,14596,23628,25329,10329,23071
190500	20751
8072250	19036
4876750	11431,949,11378
3001000	21995
1953250	23984,14020,6783,12394
7715000	11790,24978
380000	5620,14174,12329,1773
6694750	3151,23007,18730
3787750	26969
6996000	13754
5261000	11000,24788
5769750	26614,143,2455
236000	17690,18275
5642000	10840
1104500	18678
11158000	239,6738,28876,26422,21930
6412250	7260,15159,13354
1617250	19405,12283,5077,18002
1531250	7026
6334000	10627
6634500	6571
6099250	13244
5952250	5094
9123500	14694,2610,3433,15138,20846
8909750	24054,22342,15681
8096750	28641,22077
6713250	24344,1758,2367,16768
239250	12647,28481
1767500	14626
7184500	10193,7868
8149250	11679
725000	20902,17835
11493000	14661,1533,12453,22727
371250	25596
9671750	26722
2232500	11000,11060,679
11612500	5848
10831750	5640
3977750	13975,21869
7306250	4691,22359
6400000	20551,2600,2452
282500	1962
7218000	10702,22317,18630
5968250	16406,13097
1909250	15992,10014,20516,504,23470,24645,6326,18180
8617500	28270,27625,26619
4133750	25372
5959000	4078
4256000	17771,3324
3895750	12475,5469,12933
1324500	7868
3511000	19651,14020,13020
1189000	23628,12175,11328
2771250	1494,476
12377250	3151,5492,22556,18075
10790500	7105
452750	14796,24392,15638
8702500	23779,8257
12417500	16406,16846,15138,3983,5478,24601,10570,8689,28411
5440750	19862,20045,14853,25029
6900500	6805
8216750	24281
6266000	4939,23774
5865750	11652,4238,3228
7003500	25090,11196
5336750	11000
5655250	11196,3702
8353250	27205,12285
5011500	20180,23779,13749,6219
3963750	4949,11176,3590,12977
2088000	21883,15019,617
1906000	2438
11078500	9275,18024
11362000	5330
6258500	12068
711500	26722
9244000	13442
8910750	26614,29078,11330
6572500	29099
4853750	25596
7143250	23896,28641,22087,24281
11434750	7071,21823,9985
1911500	21815
6848000	26619,24601,23622
9782500	6352
2920750	22400,23538
83250	1731,8769,21238,7989,6174,28885,7624,25753
5999000	10908,26523
